1 12961650.42300000 4861839.23500000 2 12961649.32800000 4861842.43900000 3.38594758
2 12961649.32800000 4861842.43900000 3 12961650.57971586 4861845.88040684 3.66197674
3 12961650.57971586 4861845.88040684 4 12961653.00000000 4861845.00000000 2.57544007
5 12961650.00000000 4861848.50000000 6 12961650.19739007 4861848.13247676 0.41717643
6 12961650.19739007 4861848.13247676 7 12961651.69100000 4861848.93400000 1.69508411
7 12961651.69100000 4861848.93400000 2 12961649.32800000 4861842.43900000 6.91149723
2 12961649.32800000 4861842.43900000 1 12961650.42300000 4861839.23500000 3.38594758
1 12961650.42300000 4861839.23500000 8 12961651.58700000 4861835.82800000 3.60035346
8 12961651.58700000 4861835.82800000 9 12961653.04100000 4861831.57600000 4.49373119
9 12961653.04100000 4861831.57600000 10 12961655.13100000 4861825.46100000 6.46230029
10 12961655.13100000 4861825.46100000 11 12961656.42900000 4861821.66200000 4.01462389
11 12961656.42900000 4861821.66200000 12 12961652.83029312 4861818.37609769 4.87317609
12 12961652.83029312 4861818.37609769 13 12961655.00000000 4861816.00000000 3.21768056
14 12961666.00000000 4861814.50000000 15 12961664.41067832 4861817.19391353 3.12779691
15 12961664.41067832 4861817.19391353 16 12961667.62100000 4861819.08800000 3.72742926
16 12961667.62100000 4861819.08800000 11 12961656.42900000 4861821.66200000 11.48417781
11 12961656.42900000 4861821.66200000 17 12961648.60900000 4861814.52200000 10.58923982
17 12961648.60900000 4861814.52200000 18 12961644.72676220 4861816.99988147 4.60561254
18 12961644.72676220 4861816.99988147 19 12961642.00000000 4861815.00000000 3.38153190
19 12961642.00000000 4861815.00000000 18 12961644.72676220 4861816.99988147 3.38153190
18 12961644.72676220 4861816.99988147 17 12961648.60900000 4861814.52200000 4.60561254
17 12961648.60900000 4861814.52200000 20 12961644.03300000 4861810.34300000 6.19708133
20 12961644.03300000 4861810.34300000 21 12961648.84300000 4861808.01000000 5.34593201
21 12961648.84300000 4861808.01000000 22 12961648.84300000 4861801.22800000 6.78200000
22 12961648.84300000 4861801.22800000 23 12961654.00000000 4861801.22847064 5.15700002
23 12961654.00000000 4861801.22847064 24 12961654.00000000 4861804.50000000 3.27152936
25 12961654.00000000 4861804.00000000 23 12961654.00000000 4861801.22847064 2.77152936
23 12961654.00000000 4861801.22847064 22 12961648.84300000 4861801.22800000 5.15700002
22 12961648.84300000 4861801.22800000 21 12961648.84300000 4861808.01000000 6.78200000
21 12961648.84300000 4861808.01000000 26 12961657.23600000 4861812.96100000 9.74447792
26 12961657.23600000 4861812.96100000 16 12961667.62100000 4861819.08800000 12.05770932
16 12961667.62100000 4861819.08800000 27 12961665.02787244 4861823.01838845 4.70874335
27 12961665.02787244 4861823.01838845 28 12961665.00000000 4861823.00000000 0.03339174
29 12961571.00000000 4861813.00000000 30 12961571.00000000 4861826.45068691 13.45068691
30 12961571.00000000 4861826.45068691 31 12961564.91000000 4861826.45100000 6.09000001
31 12961564.91000000 4861826.45100000 32 12961564.91000000 4861832.14300000 5.69200000
32 12961564.91000000 4861832.14300000 33 12961564.91000000 4861844.85600000 12.71300000
33 12961564.91000000 4861844.85600000 34 12961564.91000000 4861875.40400000 30.54800000
34 12961564.91000000 4861875.40400000 35 12961564.91000000 4861882.64500000 7.24100000
35 12961564.91000000 4861882.64500000 36 12961571.14364170 4861882.64530650 6.23364171
36 12961571.14364170 4861882.64530650 37 12961577.00000000 4861885.00000000 6.31201347
38 12961577.00000000 4861872.50000000 39 12961571.31892560 4861875.40423416 6.38037478
39 12961571.31892560 4861875.40423416 34 12961564.91000000 4861875.40400000 6.40892561
34 12961564.91000000 4861875.40400000 33 12961564.91000000 4861844.85600000 30.54800000
33 12961564.91000000 4861844.85600000 32 12961564.91000000 4861832.14300000 12.71300000
32 12961564.91000000 4861832.14300000 31 12961564.91000000 4861826.45100000 5.69200000
31 12961564.91000000 4861826.45100000 40 12961572.48748500 4861826.45068691 7.57748501
40 12961572.48748500 4861826.45068691 41 12961578.00000000 4861828.50000000 5.88111433
42 12961575.00000000 4861832.00000000 43 12961571.93469280 4861832.14288038 3.06863537
43 12961571.93469280 4861832.14288038 32 12961564.91000000 4861832.14300000 7.02469280
35 12961564.91000000 4861882.64500000 44 12961564.90964650 4861892.50000000 9.85500001
44 12961564.90964650 4861892.50000000 45 12961565.00000000 4861892.50000000 0.09035350
46 12961585.00000000 4861881.00000000 47 12961585.00000000 4861893.82140131 12.82140131
47 12961585.00000000 4861893.82140131 48 12961606.69100000 4861893.82100000 21.69100000
48 12961606.69100000 4861893.82100000 49 12961613.80800000 4861893.82100000 7.11700000
49 12961613.80800000 4861893.82100000 50 12961621.21000000 4861893.82100000 7.40200000
50 12961621.21000000 4861893.82100000 51 12961627.58800000 4861893.82100000 6.37800000
51 12961627.58800000 4861893.82100000 52 12961644.24000000 4861893.82100000 16.65200000
52 12961644.24000000 4861893.82100000 53 12961644.24000000 4861888.45500000 5.36600000
53 12961644.24000000 4861888.45500000 54 12961644.23969370 4861886.00000000 2.45500002
54 12961644.23969370 4861886.00000000 55 12961649.00000000 4861886.00000000 4.76030630
56 12961614.00000000 4861881.50000000 57 12961613.00339990 4861882.76098442 1.60726273
57 12961613.00339990 4861882.76098442 58 12961611.10800000 4861882.76100000 1.89539990
58 12961611.10800000 4861882.76100000 59 12961606.69100000 4861882.76100000 4.41700000
59 12961606.69100000 4861882.76100000 48 12961606.69100000 4861893.82100000 11.06000000
51 12961627.58800000 4861893.82100000 60 12961627.58800000 4861881.73200000 12.08900000
60 12961627.58800000 4861881.73200000 61 12961627.58800000 4861875.52000000 6.21200000
61 12961627.58800000 4861875.52000000 62 12961627.58800000 4861870.40800000 5.11200000
62 12961627.58800000 4861870.40800000 63 12961621.21000000 4861869.62400000 6.42600498
63 12961621.21000000 4861869.62400000 64 12961613.80800000 4861868.71400000 7.45772781
64 12961613.80800000 4861868.71400000 65 12961613.80800000 4861863.31700000 5.39700000
65 12961613.80800000 4861863.31700000 66 12961613.80800000 4861844.85600000 18.46100000
66 12961613.80800000 4861844.85600000 67 12961609.52000000 4861844.85600000 4.28800000
67 12961609.52000000 4861844.85600000 68 12961599.00000000 4861844.85608229 10.52000000
68 12961599.00000000 4861844.85608229 69 12961599.00000000 4861834.50000000 10.35608229
70 12961615.00000000 4861879.00000000 71 12961611.32770190 4861878.52048581 3.70347232
71 12961611.32770190 4861878.52048581 72 12961606.69100000 4861878.52000000 4.63670193
72 12961606.69100000 4861878.52000000 59 12961606.69100000 4861882.76100000 4.24100000
48 12961606.69100000 4861893.82100000 73 12961603.00000000 4861893.82140131 3.69100002
73 12961603.00000000 4861893.82140131 74 12961603.00000000 4861894.00000000 0.17859869
75 12961613.00000000 4861881.50000000 76 12961613.00000000 4861882.76098442 1.26098442
76 12961613.00000000 4861882.76098442 58 12961611.10800000 4861882.76100000 1.89200000
48 12961606.69100000 4861893.82100000 77 12961604.00000000 4861893.82140131 2.69100003
77 12961604.00000000 4861893.82140131 78 12961604.00000000 4861895.00000000 1.17859869
79 12961617.00000000 4861882.00000000 57 12961613.00339990 4861882.76098442 4.06840382
67 12961609.52000000 4861844.85600000 80 12961606.00000000 4861844.85608229 3.52000000
80 12961606.00000000 4861844.85608229 81 12961606.00000000 4861844.00000000 0.85608229
81 12961606.00000000 4861844.00000000 80 12961606.00000000 4861844.85608229 0.85608229
80 12961606.00000000 4861844.85608229 67 12961609.52000000 4861844.85600000 3.52000000
67 12961609.52000000 4861844.85600000 82 12961609.51978540 4861829.40176025 15.45423975
82 12961609.51978540 4861829.40176025 83 12961610.00000000 4861828.00000000 1.48173475
84 12961608.00000000 4861829.50000000 85 12961609.51978540 4861829.50000000 1.51978540
85 12961609.51978540 4861829.50000000 67 12961609.52000000 4861844.85600000 15.35600000
67 12961609.52000000 4861844.85600000 66 12961613.80800000 4861844.85600000 4.28800000
66 12961613.80800000 4861844.85600000 86 12961613.80800000 4861842.43900000 2.41700000
86 12961613.80800000 4861842.43900000 87 12961624.25900000 4861842.43900000 10.45100000
87 12961624.25900000 4861842.43900000 88 12961627.58800000 4861842.43900000 3.32900000
88 12961627.58800000 4861842.43900000 89 12961632.08700000 4861842.43900000 4.49900000
89 12961632.08700000 4861842.43900000 90 12961632.08700000 4861850.28400000 7.84500000
90 12961632.08700000 4861850.28400000 91 12961639.21900000 4861850.28400000 7.13200000
91 12961639.21900000 4861850.28400000 92 12961639.21900000 4861853.68400000 3.40000000
92 12961639.21900000 4861853.68400000 93 12961640.99300000 4861853.68400000 1.77400000
93 12961640.99300000 4861853.68400000 94 12961643.99999999 4861853.68393913 3.00699999
94 12961643.99999999 4861853.68393913 95 12961644.00000000 4861856.50000000 2.81606087
96 12961639.00000000 4861865.00000000 97 12961639.21931460 4861865.00000000 0.21931460
97 12961639.21931460 4861865.00000000 98 12961639.21900000 4861869.39600000 4.39600001
98 12961639.21900000 4861869.39600000 99 12961637.12500000 4861869.57800000 2.10189438
99 12961637.12500000 4861869.57800000 62 12961627.58800000 4861870.40800000 9.57304910
62 12961627.58800000 4861870.40800000 100 12961627.58800000 4861856.15900000 14.24900000
100 12961627.58800000 4861856.15900000 88 12961627.58800000 4861842.43900000 13.72000000
88 12961627.58800000 4861842.43900000 87 12961624.25900000 4861842.43900000 3.32900000
87 12961624.25900000 4861842.43900000 101 12961624.25864130 4861833.50000000 8.93900001
101 12961624.25864130 4861833.50000000 102 12961622.00000000 4861833.50000000 2.25864130
103 12961621.00000000 4861834.50000000 104 12961624.25864130 4861834.50000000 3.25864130
104 12961624.25864130 4861834.50000000 87 12961624.25900000 4861842.43900000 7.93900001
88 12961627.58800000 4861842.43900000 100 12961627.58800000 4861856.15900000 13.72000000
100 12961627.58800000 4861856.15900000 62 12961627.58800000 4861870.40800000 14.24900000
62 12961627.58800000 4861870.40800000 61 12961627.58800000 4861875.52000000 5.11200000
61 12961627.58800000 4861875.52000000 60 12961627.58800000 4861881.73200000 6.21200000
60 12961627.58800000 4861881.73200000 51 12961627.58800000 4861893.82100000 12.08900000
51 12961627.58800000 4861893.82100000 105 12961636.00000000 4861893.82140131 8.41200001
105 12961636.00000000 4861893.82140131 106 12961636.00000000 4861893.00000000 0.82140131
107 12961673.00000000 4861871.00000000 108 12961676.62479450 4861865.33668982 6.72400308
108 12961676.62479450 4861865.33668982 109 12961672.72200000 4861859.19500000 7.27682340
109 12961672.72200000 4861859.19500000 110 12961664.61300000 4861860.55800000 8.22275197
110 12961664.61300000 4861860.55800000 111 12961654.42600000 4861864.75800000 11.01884608
111 12961654.42600000 4861864.75800000 112 12961644.24000000 4861868.95900000 11.01830282
112 12961644.24000000 4861868.95900000 98 12961639.21900000 4861869.39600000 5.03998115
63 12961621.21000000 4861869.62400000 113 12961621.20967190 4861879.59595970 9.97195970
113 12961621.20967190 4861879.59595970 114 12961619.00000000 4861880.50000000 2.38745445
115 12961659.00000000 4861878.50000000 116 12961656.92971190 4861876.34885424 2.98555203
116 12961656.92971190 4861876.34885424 111 12961654.42600000 4861864.75800000 11.85818179
51 12961627.58800000 4861893.82100000 50 12961621.21000000 4861893.82100000 6.37800000
50 12961621.21000000 4861893.82100000 117 12961617.00000000 4861893.82140131 4.21000002
117 12961617.00000000 4861893.82140131 118 12961617.00000000 4861888.50000000 5.32140131
119 12961650.00000000 4861892.00000000 120 12961644.23969370 4861892.00000000 5.76030630
120 12961644.23969370 4861892.00000000 52 12961644.24000000 4861893.82100000 1.82100003
52 12961644.24000000 4861893.82100000 51 12961627.58800000 4861893.82100000 16.65200000
113 12961621.20967190 4861879.59595970 121 12961621.00000000 4861884.50000000 4.90852051
122 12961640.00000000 4861874.50000000 123 12961637.12507630 4861873.96759947 2.92380516
123 12961637.12507630 4861873.96759947 99 12961637.12500000 4861869.57800000 4.38959947
99 12961637.12500000 4861869.57800000 98 12961639.21900000 4861869.39600000 2.10189438
98 12961639.21900000 4861869.39600000 112 12961644.24000000 4861868.95900000 5.03998115
112 12961644.24000000 4861868.95900000 124 12961644.24000000 4861875.52000000 6.56100000
124 12961644.24000000 4861875.52000000 125 12961644.24000000 4861880.08800000 4.56800000
125 12961644.24000000 4861880.08800000 126 12961654.00000000 4861880.08763490 9.76000001
126 12961654.00000000 4861880.08763490 127 12961654.00000000 4861884.00000000 3.91236510
128 12961652.00000000 4861892.50000000 129 12961644.23969370 4861892.50000000 7.76030630
129 12961644.23969370 4861892.50000000 53 12961644.24000000 4861888.45500000 4.04500001
53 12961644.24000000 4861888.45500000 130 12961638.29612050 4861888.45460777 5.94387951
130 12961638.29612050 4861888.45460777 131 12961635.00000000 4861885.00000000 4.77480106
132 12961638.00000000 4861873.50000000 133 12961637.12507630 4861873.50000000 0.87492370
133 12961637.12507630 4861873.50000000 99 12961637.12500000 4861869.57800000 3.92200000
112 12961644.24000000 4861868.95900000 134 12961653.10000000 4861859.37500000 13.05192154
134 12961653.10000000 4861859.37500000 135 12961651.69100000 4861853.68400000 5.86282884
135 12961651.69100000 4861853.68400000 93 12961640.99300000 4861853.68400000 10.69800000
93 12961640.99300000 4861853.68400000 92 12961639.21900000 4861853.68400000 1.77400000
92 12961639.21900000 4861853.68400000 91 12961639.21900000 4861850.28400000 3.40000000
91 12961639.21900000 4861850.28400000 136 12961635.00000000 4861850.28403650 4.21900000
136 12961635.00000000 4861850.28403650 137 12961635.00000000 4861854.50000000 4.21596350
138 12961635.00000000 4861857.50000000 139 12961639.21931460 4861857.50000000 4.21931460
139 12961639.21931460 4861857.50000000 92 12961639.21900000 4861853.68400000 3.81600001
91 12961639.21900000 4861850.28400000 90 12961632.08700000 4861850.28400000 7.13200000
90 12961632.08700000 4861850.28400000 89 12961632.08700000 4861842.43900000 7.84500000
89 12961632.08700000 4861842.43900000 140 12961639.00000000 4861842.43921521 6.91300000
140 12961639.00000000 4861842.43921521 141 12961639.00000000 4861844.50000000 2.06078479
142 12961638.00000000 4861844.50000000 143 12961638.00000000 4861842.43921521 2.06078479
143 12961638.00000000 4861842.43921521 144 12961639.59700000 4861842.43900000 1.59700001
144 12961639.59700000 4861842.43900000 145 12961639.59700000 4861839.23500000 3.20400000
145 12961639.59700000 4861839.23500000 146 12961639.59700000 4861835.82800000 3.40700000
146 12961639.59700000 4861835.82800000 147 12961642.18200000 4861835.82800000 2.58500000
147 12961642.18200000 4861835.82800000 148 12961643.00000000 4861835.82829452 0.81800005
148 12961643.00000000 4861835.82829452 149 12961643.00000000 4861838.50000000 2.67170548
149 12961643.00000000 4861838.50000000 148 12961643.00000000 4861835.82829452 2.67170548
148 12961643.00000000 4861835.82829452 147 12961642.18200000 4861835.82800000 0.81800005
147 12961642.18200000 4861835.82800000 146 12961639.59700000 4861835.82800000 2.58500000
146 12961639.59700000 4861835.82800000 145 12961639.59700000 4861839.23500000 3.40700000
145 12961639.59700000 4861839.23500000 144 12961639.59700000 4861842.43900000 3.20400000
144 12961639.59700000 4861842.43900000 89 12961632.08700000 4861842.43900000 7.51000000
89 12961632.08700000 4861842.43900000 88 12961627.58800000 4861842.43900000 4.49900000
87 12961624.25900000 4861842.43900000 150 12961624.25864130 4861834.00000000 8.43900001
150 12961624.25864130 4861834.00000000 151 12961630.00000000 4861834.00000000 5.74135870
152 12961629.00000000 4861851.00000000 153 12961627.58779960 4861851.00000000 1.41220040
153 12961627.58779960 4861851.00000000 88 12961627.58800000 4861842.43900000 8.56100000
89 12961632.08700000 4861842.43900000 154 12961633.00000000 4861842.43921521 0.91300003
154 12961633.00000000 4861842.43921521 155 12961633.00000000 4861836.50000000 5.93921521
156 12961630.00000000 4861838.50000000 157 12961630.00000000 4861842.43921521 3.93921521
157 12961630.00000000 4861842.43921521 89 12961632.08700000 4861842.43900000 2.08700001
89 12961632.08700000 4861842.43900000 144 12961639.59700000 4861842.43900000 7.51000000
144 12961639.59700000 4861842.43900000 158 12961645.03700000 4861842.43900000 5.44000000
158 12961645.03700000 4861842.43900000 2 12961649.32800000 4861842.43900000 4.29100000
18 12961644.72676220 4861816.99988147 159 12961641.00000000 4861820.00000000 4.78429385
160 12961629.00000000 4861839.00000000 161 12961629.00000000 4861842.43921521 3.43921521
161 12961629.00000000 4861842.43921521 89 12961632.08700000 4861842.43900000 3.08700001
147 12961642.18200000 4861835.82800000 162 12961642.18200000 4861831.34600000 4.48200000
162 12961642.18200000 4861831.34600000 163 12961642.18200000 4861826.86600000 4.48000000
163 12961642.18200000 4861826.86600000 164 12961642.18200000 4861825.27900000 1.58700000
164 12961642.18200000 4861825.27900000 165 12961643.00000000 4861825.27945722 0.81800013
165 12961643.00000000 4861825.27945722 166 12961643.00000000 4861825.50000000 0.22054278
167 12961646.00000000 4861824.00000000 168 12961646.00000000 4861825.27945722 1.27945722
168 12961646.00000000 4861825.27945722 164 12961642.18200000 4861825.27900000 3.81800003
164 12961642.18200000 4861825.27900000 169 12961640.70654730 4861825.27945722 1.47545277
169 12961640.70654730 4861825.27945722 170 12961637.00000000 4861823.50000000 4.11156429
171 12961633.00000000 4861823.00000000 169 12961640.70654730 4861825.27945722 8.03659110
169 12961640.70654730 4861825.27945722 164 12961642.18200000 4861825.27900000 1.47545277
164 12961642.18200000 4861825.27900000 163 12961642.18200000 4861826.86600000 1.58700000
163 12961642.18200000 4861826.86600000 162 12961642.18200000 4861831.34600000 4.48000000
162 12961642.18200000 4861831.34600000 147 12961642.18200000 4861835.82800000 4.48200000
147 12961642.18200000 4861835.82800000 172 12961644.00000000 4861835.82829452 1.81800002
172 12961644.00000000 4861835.82829452 173 12961644.00000000 4861837.00000000 1.17170548
174 12961634.00000000 4861830.00000000 175 12961638.86166140 4861831.34602741 5.04455562
175 12961638.86166140 4861831.34602741 162 12961642.18200000 4861831.34600000 3.32033860
147 12961642.18200000 4861835.82800000 176 12961645.03700000 4861835.82800000 2.85500000
176 12961645.03700000 4861835.82800000 177 12961647.58700000 4861835.82800000 2.55000000
177 12961647.58700000 4861835.82800000 8 12961651.58700000 4861835.82800000 4.00000000
9 12961653.04100000 4861831.57600000 178 12961653.51105309 4861830.20000604 1.45406648
178 12961653.51105309 4861830.20000604 179 12961650.00000000 4861829.00000000 3.71045931
180 12961648.00000000 4861830.50000000 181 12961646.68004570 4861831.34602741 1.56781432
181 12961646.68004570 4861831.34602741 162 12961642.18200000 4861831.34600000 4.49804570
146 12961639.59700000 4861835.82800000 182 12961639.59702910 4861836.50000000 0.67200000
182 12961639.59702910 4861836.50000000 183 12961636.00000000 4861836.50000000 3.59702910
184 12961641.00000000 4861848.50000000 185 12961641.26634730 4861846.98996741 1.53334253
185 12961641.26634730 4861846.98996741 186 12961643.07200000 4861844.30500000 3.23565012
186 12961643.07200000 4861844.30500000 144 12961639.59700000 4861842.43900000 3.94430995
169 12961640.70654730 4861825.27945722 187 12961640.00000000 4861827.00000000 1.85996681
188 12961647.00000000 4861849.50000000 189 12961648.28586467 4861847.10583114 2.71762626
189 12961648.28586467 4861847.10583114 7 12961651.69100000 4861848.93400000 3.86486067
7 12961651.69100000 4861848.93400000 135 12961651.69100000 4861853.68400000 4.75000000
135 12961651.69100000 4861853.68400000 134 12961653.10000000 4861859.37500000 5.86282884
134 12961653.10000000 4861859.37500000 110 12961664.61300000 4861860.55800000 11.57361905
110 12961664.61300000 4861860.55800000 190 12961659.07851734 4861862.84002628 5.98649666
190 12961659.07851734 4861862.84002628 191 12961661.00000000 4861867.50000000 5.04058039
192 12961664.00000000 4861870.50000000 193 12961656.03784313 4861872.21982139 8.14577974
193 12961656.03784313 4861872.21982139 111 12961654.42600000 4861864.75800000 7.63392538
111 12961654.42600000 4861864.75800000 110 12961664.61300000 4861860.55800000 11.01884608
110 12961664.61300000 4861860.55800000 134 12961653.10000000 4861859.37500000 11.57361905
135 12961651.69100000 4861853.68400000 7 12961651.69100000 4861848.93400000 4.75000000
7 12961651.69100000 4861848.93400000 186 12961643.07200000 4861844.30500000 9.78339420
162 12961642.18200000 4861831.34600000 175 12961638.86166140 4861831.34602741 3.32033860
175 12961638.86166140 4861831.34602741 194 12961637.00000000 4861832.50000000 2.19030498
195 12961641.00000000 4861844.50000000 196 12961641.54492583 4861843.48539519 1.15168012
196 12961641.54492583 4861843.48539519 144 12961639.59700000 4861842.43900000 2.21118925
8 12961651.58700000 4861835.82800000 197 12961656.54894964 4861834.37805337 5.16945736
197 12961656.54894964 4861834.37805337 198 12961656.00000000 4861832.50000000 1.95663746
199 12961653.00000000 4861833.00000000 200 12961652.60071434 4861832.86353233 0.42196264
200 12961652.60071434 4861832.86353233 8 12961651.58700000 4861835.82800000 3.13299942
8 12961651.58700000 4861835.82800000 1 12961650.42300000 4861839.23500000 3.60035346
2 12961649.32800000 4861842.43900000 7 12961651.69100000 4861848.93400000 6.91149723
110 12961664.61300000 4861860.55800000 201 12961664.83544520 4861860.52065929 0.22555752
201 12961664.83544520 4861860.52065929 202 12961665.00000000 4861861.50000000 0.99306925
202 12961665.00000000 4861861.50000000 201 12961664.83544520 4861860.52065929 0.99306925
201 12961664.83544520 4861860.52065929 110 12961664.61300000 4861860.55800000 0.22555752
7 12961651.69100000 4861848.93400000 203 12961644.49855411 4861845.07173534 8.16384506
203 12961644.49855411 4861845.07173534 204 12961644.00000000 4861846.00000000 1.05367523
205 12961648.00000000 4861850.50000000 206 12961649.47882799 4861847.74655010 3.12544694
206 12961649.47882799 4861847.74655010 7 12961651.69100000 4861848.93400000 2.51072544
92 12961639.21900000 4861853.68400000 207 12961639.21931460 4861856.00000000 2.31600002
207 12961639.21931460 4861856.00000000 208 12961636.00000000 4861856.00000000 3.21931460
208 12961636.00000000 4861856.00000000 207 12961639.21931460 4861856.00000000 3.21931460
207 12961639.21931460 4861856.00000000 92 12961639.21900000 4861853.68400000 2.31600002
90 12961632.08700000 4861850.28400000 209 12961632.08749210 4861847.00000000 3.28400004
209 12961632.08749210 4861847.00000000 210 12961631.00000000 4861847.00000000 1.08749210
211 12961631.00000000 4861848.00000000 212 12961632.08749210 4861848.00000000 1.08749210
212 12961632.08749210 4861848.00000000 89 12961632.08700000 4861842.43900000 5.56100002
145 12961639.59700000 4861839.23500000 213 12961639.59702910 4861839.00000000 0.23500000
213 12961639.59702910 4861839.00000000 214 12961638.00000000 4861839.00000000 1.59702910
215 12961639.00000000 4861837.00000000 216 12961639.59702910 4861837.00000000 0.59702910
216 12961639.59702910 4861837.00000000 145 12961639.59700000 4861839.23500000 2.23500000
144 12961639.59700000 4861842.43900000 186 12961643.07200000 4861844.30500000 3.94430995
186 12961643.07200000 4861844.30500000 7 12961651.69100000 4861848.93400000 9.78339420
7 12961651.69100000 4861848.93400000 217 12961650.82787605 4861846.56261211 2.52358148
217 12961650.82787605 4861846.56261211 218 12961651.00000000 4861846.50000000 0.18315821
219 12961657.00000000 4861863.50000000 220 12961657.06945370 4861863.66843888 0.18219625
220 12961657.06945370 4861863.66843888 110 12961664.61300000 4861860.55800000 8.15965201
10 12961655.13100000 4861825.46100000 221 12961655.57193840 4861824.17013827 1.36409336
221 12961655.57193840 4861824.17013827 222 12961658.00000000 4861825.00000000 2.56596057
223 12961657.00000000 4861824.50000000 224 12961655.62035878 4861824.02846688 1.45799636
224 12961655.62035878 4861824.02846688 10 12961655.13100000 4861825.46100000 1.51381081
10 12961655.13100000 4861825.46100000 9 12961653.04100000 4861831.57600000 6.46230029
9 12961653.04100000 4861831.57600000 8 12961651.58700000 4861835.82800000 4.49373119
8 12961651.58700000 4861835.82800000 177 12961647.58700000 4861835.82800000 4.00000000
177 12961647.58700000 4861835.82800000 176 12961645.03700000 4861835.82800000 2.55000000
176 12961645.03700000 4861835.82800000 147 12961642.18200000 4861835.82800000 2.85500000
164 12961642.18200000 4861825.27900000 225 12961646.74619170 4861825.27945722 4.56419172
225 12961646.74619170 4861825.27945722 226 12961647.00000000 4861822.50000000 2.79102151
227 12961642.00000000 4861824.50000000 228 12961642.00000000 4861825.27945722 0.77945722
228 12961642.00000000 4861825.27945722 164 12961642.18200000 4861825.27900000 0.18200057
11 12961656.42900000 4861821.66200000 229 12961660.29293566 4861820.77350239 3.96477323
229 12961660.29293566 4861820.77350239 230 12961660.00000000 4861819.50000000 1.30675921
231 12961641.00000000 4861817.00000000 18 12961644.72676220 4861816.99988147 3.72676220
23 12961654.00000000 4861801.22847064 232 12961654.00000000 4861803.50000000 2.27152936
233 12961651.00000000 4861803.50000000 234 12961648.84345290 4861803.50000000 2.15654710
234 12961648.84345290 4861803.50000000 21 12961648.84300000 4861808.01000000 4.51000002
21 12961648.84300000 4861808.01000000 20 12961644.03300000 4861810.34300000 5.34593201
20 12961644.03300000 4861810.34300000 17 12961648.60900000 4861814.52200000 6.19708133
17 12961648.60900000 4861814.52200000 11 12961656.42900000 4861821.66200000 10.58923982
11 12961656.42900000 4861821.66200000 10 12961655.13100000 4861825.46100000 4.01462389
2 12961649.32800000 4861842.43900000 158 12961645.03700000 4861842.43900000 4.29100000
158 12961645.03700000 4861842.43900000 144 12961639.59700000 4861842.43900000 5.44000000
87 12961624.25900000 4861842.43900000 235 12961624.25900000 4861830.41400000 12.02500000
235 12961624.25900000 4861830.41400000 236 12961621.14869164 4861828.36537655 3.72436251
236 12961621.14869164 4861828.36537655 237 12961626.00000000 4861821.00000000 8.81952178
238 12961618.00000000 4861826.50000000 239 12961618.09580337 4861826.35454896 0.17416743
239 12961618.09580337 4861826.35454896 235 12961624.25900000 4861830.41400000 7.37998209
235 12961624.25900000 4861830.41400000 87 12961624.25900000 4861842.43900000 12.02500000
20 12961644.03300000 4861810.34300000 240 12961624.25900000 4861810.34300000 19.77400000
240 12961624.25900000 4861810.34300000 241 12961611.51737040 4861810.34338470 12.74162961
241 12961611.51737040 4861810.34338470 242 12961611.00000000 4861802.50000000 7.86042974
243 12961634.00000000 4861817.50000000 244 12961634.00000000 4861810.34338470 7.15661530
244 12961634.00000000 4861810.34338470 20 12961644.03300000 4861810.34300000 10.03300001
22 12961648.84300000 4861801.22800000 245 12961660.00000000 4861801.22847064 11.15700001
245 12961660.00000000 4861801.22847064 246 12961660.00000000 4861800.00000000 1.22847064
247 12961662.00000000 4861809.50000000 248 12961662.00000000 4861808.17379703 1.32620297
248 12961662.00000000 4861808.17379703 249 12961666.24000000 4861808.17400000 4.24000000
249 12961666.24000000 4861808.17400000 250 12961666.24000000 4861801.22800000 6.94600000
250 12961666.24000000 4861801.22800000 251 12961660.45100000 4861801.22800000 5.78900000
251 12961660.45100000 4861801.22800000 22 12961648.84300000 4861801.22800000 11.60800000
26 12961657.23600000 4861812.96100000 252 12961659.65992680 4861809.35154749 4.34782343
252 12961659.65992680 4861809.35154749 253 12961661.00000000 4861810.00000000 1.48871987
254 12961663.00000000 4861809.00000000 255 12961663.00000000 4861808.17379703 0.82620297
255 12961663.00000000 4861808.17379703 249 12961666.24000000 4861808.17400000 3.24000001
249 12961666.24000000 4861808.17400000 256 12961671.71800000 4861808.17400000 5.47800000
256 12961671.71800000 4861808.17400000 257 12961677.68300000 4861808.17400000 5.96500000
257 12961677.68300000 4861808.17400000 258 12961677.68300000 4861814.24100000 6.06700000
258 12961677.68300000 4861814.24100000 259 12961673.01861560 4861814.24072570 4.66438441
259 12961673.01861560 4861814.24072570 260 12961672.00000000 4861812.50000000 2.01685490
261 12961671.00000000 4861812.50000000 259 12961673.01861560 4861814.24072570 2.66550838
259 12961673.01861560 4861814.24072570 258 12961677.68300000 4861814.24100000 4.66438441
258 12961677.68300000 4861814.24100000 262 12961677.68300000 4861819.08800000 4.84700000
262 12961677.68300000 4861819.08800000 263 12961685.27300000 4861819.08800000 7.59000000
263 12961685.27300000 4861819.08800000 264 12961685.27349200 4861815.29392310 3.79407693
264 12961685.27349200 4861815.29392310 265 12961687.00000000 4861814.00000000 2.15756040
266 12961686.00000000 4861815.50000000 267 12961685.27349200 4861815.50000000 0.72650800
267 12961685.27349200 4861815.50000000 263 12961685.27300000 4861819.08800000 3.58800003
263 12961685.27300000 4861819.08800000 262 12961677.68300000 4861819.08800000 7.59000000
262 12961677.68300000 4861819.08800000 268 12961673.50600000 4861819.08800000 4.17700000
268 12961673.50600000 4861819.08800000 269 12961671.71800000 4861819.08800000 1.78800000
269 12961671.71800000 4861819.08800000 16 12961667.62100000 4861819.08800000 4.09700000
16 12961667.62100000 4861819.08800000 270 12961665.09174030 4861822.92158026 4.59276520
270 12961665.09174030 4861822.92158026 271 12961669.00000000 4861825.50000000 4.68217282
272 12961651.00000000 4861855.50000000 273 12961652.07451199 4861855.23390623 1.10696970
273 12961652.07451199 4861855.23390623 135 12961651.69100000 4861853.68400000 1.59664986
8 12961651.58700000 4861835.82800000 274 12961657.76900000 4861834.02200000 6.44040061
274 12961657.76900000 4861834.02200000 16 12961667.62100000 4861819.08800000 17.89095470
16 12961667.62100000 4861819.08800000 275 12961661.74761962 4861815.62279520 6.81940183
275 12961661.74761962 4861815.62279520 276 12961663.00000000 4861813.50000000 2.46469391
277 12961652.00000000 4861857.00000000 278 12961652.48229287 4861856.88056427 0.49686146
278 12961652.48229287 4861856.88056427 135 12961651.69100000 4861853.68400000 3.29304836
16 12961667.62100000 4861819.08800000 279 12961658.60970907 4861813.77152967 10.46270620
279 12961658.60970907 4861813.77152967 280 12961657.00000000 4861816.50000000 3.16791946
281 12961656.00000000 4861818.00000000 282 12961654.37148791 4861819.78342238 2.41508737
282 12961654.37148791 4861819.78342238 11 12961656.42900000 4861821.66200000 2.78611017
2 12961649.32800000 4861842.43900000 283 12961650.46285638 4861845.55915408 3.32012959
283 12961650.46285638 4861845.55915408 284 12961652.00000000 4861845.00000000 1.63568450
285 12961659.00000000 4861811.50000000 286 12961658.46049293 4861811.13771404 0.64986075
286 12961658.46049293 4861811.13771404 26 12961657.23600000 4861812.96100000 2.19630476
16 12961667.62100000 4861819.08800000 274 12961657.76900000 4861834.02200000 17.89095470
274 12961657.76900000 4861834.02200000 8 12961651.58700000 4861835.82800000 6.44040061
287 12961659.00000000 4861823.50000000 288 12961658.46932968 4861821.19297488 2.36727183
288 12961658.46932968 4861821.19297488 16 12961667.62100000 4861819.08800000 9.39063303
16 12961667.62100000 4861819.08800000 269 12961671.71800000 4861819.08800000 4.09700000
269 12961671.71800000 4861819.08800000 268 12961673.50600000 4861819.08800000 1.78800000
268 12961673.50600000 4861819.08800000 262 12961677.68300000 4861819.08800000 4.17700000
263 12961685.27300000 4861819.08800000 289 12961689.08000000 4861825.23900000 7.23381296
289 12961689.08000000 4861825.23900000 290 12961690.76700000 4861830.22000000 5.25892860
290 12961690.76700000 4861830.22000000 291 12961692.45300000 4861835.20100000 5.25860790
291 12961692.45300000 4861835.20100000 292 12961690.15542375 4861840.87325667 6.11991439
292 12961690.15542375 4861840.87325667 293 12961688.00000000 4861840.00000000 2.32560288
294 12961687.00000000 4861829.00000000 295 12961690.00851596 4861827.98117987 3.17634424
295 12961690.00851596 4861827.98117987 289 12961689.08000000 4861825.23900000 2.89511525
289 12961689.08000000 4861825.23900000 263 12961685.27300000 4861819.08800000 7.23381296
262 12961677.68300000 4861819.08800000 258 12961677.68300000 4861814.24100000 4.84700000
258 12961677.68300000 4861814.24100000 257 12961677.68300000 4861808.17400000 6.06700000
257 12961677.68300000 4861808.17400000 296 12961676.00000000 4861808.17379703 1.68300001
296 12961676.00000000 4861808.17379703 297 12961676.00000000 4861807.00000000 1.17379703
298 12961676.00000000 4861802.50000000 296 12961676.00000000 4861808.17379703 5.67379703
296 12961676.00000000 4861808.17379703 257 12961677.68300000 4861808.17400000 1.68300001
259 12961673.01861560 4861814.24072570 299 12961671.00000000 4861813.00000000 2.36943225
300 12961675.00000000 4861803.00000000 301 12961675.00000000 4861808.17379703 5.17379703
301 12961675.00000000 4861808.17379703 257 12961677.68300000 4861808.17400000 2.68300001
258 12961677.68300000 4861814.24100000 302 12961683.17863590 4861814.24072570 5.49563591
302 12961683.17863590 4861814.24072570 303 12961684.00000000 4861812.00000000 2.38652271
304 12961675.00000000 4861812.50000000 305 12961675.00000000 4861814.24072570 1.74072570
305 12961675.00000000 4861814.24072570 258 12961677.68300000 4861814.24100000 2.68300001
257 12961677.68300000 4861808.17400000 306 12961685.27300000 4861808.17400000 7.59000000
306 12961685.27300000 4861808.17400000 307 12961693.78400000 4861808.17400000 8.51100000
307 12961693.78400000 4861808.17400000 308 12961701.82637130 4861808.17379703 8.04237130
308 12961701.82637130 4861808.17379703 309 12961705.00000000 4861800.50000000 8.30416040
310 12961694.00000000 4861811.00000000 311 12961693.78395520 4861811.53157335 0.57379925
311 12961693.78395520 4861811.53157335 312 12961697.48400000 4861828.13800000 17.01363387
312 12961697.48400000 4861828.13800000 290 12961690.76700000 4861830.22000000 7.03226940
291 12961692.45300000 4861835.20100000 313 12961688.11200000 4861845.91700000 11.56187429
313 12961688.11200000 4861845.91700000 314 12961686.74900000 4861849.28200000 3.63056387
314 12961686.74900000 4861849.28200000 315 12961690.34300000 4861853.67900000 5.67894753
315 12961690.34300000 4861853.67900000 316 12961688.17486990 4861856.05588963 3.21720258
316 12961688.17486990 4861856.05588963 317 12961687.00000000 4861856.50000000 1.25600689
318 12961702.00000000 4861820.50000000 319 12961696.07627320 4861821.81985721 6.06898362
319 12961696.07627320 4861821.81985721 312 12961697.48400000 4861828.13800000 6.47306907
314 12961686.74900000 4861849.28200000 320 12961677.80200000 4861854.43300000 10.32383698
320 12961677.80200000 4861854.43300000 109 12961672.72200000 4861859.19500000 6.96297666
109 12961672.72200000 4861859.19500000 321 12961676.62500000 4861865.33700000 7.27719541
321 12961676.62500000 4861865.33700000 322 12961681.03562817 4861863.58996853 4.74402359
322 12961681.03562817 4861863.58996853 323 12961681.00000000 4861863.50000000 0.09676622
324 12961692.00000000 4861847.50000000 325 12961691.30797510 4861847.49377917 0.69205286
325 12961691.30797510 4861847.49377917 313 12961688.11200000 4861845.91700000 3.56377460
314 12961686.74900000 4861849.28200000 326 12961681.46000000 4861846.59100000 5.93422295
326 12961681.46000000 4861846.59100000 327 12961679.24800000 4861841.48700000 5.56271157
327 12961679.24800000 4861841.48700000 328 12961674.26900000 4861830.00000000 12.51964896
328 12961674.26900000 4861830.00000000 329 12961673.66816550 4861825.90984403 4.13405103
329 12961673.66816550 4861825.90984403 330 12961669.00000000 4861826.00000000 4.66903601
331 12961675.00000000 4861823.00000000 329 12961673.66816550 4861825.90984403 3.20015240
329 12961673.66816550 4861825.90984403 328 12961674.26900000 4861830.00000000 4.13405103
328 12961674.26900000 4861830.00000000 274 12961657.76900000 4861834.02200000 16.98312351
134 12961653.10000000 4861859.37500000 332 12961654.15586952 4861859.48339541 1.06141887
332 12961654.15586952 4861859.48339541 333 12961654.00000000 4861861.00000000 1.52459332
334 12961653.00000000 4861862.00000000 335 12961651.74538124 4861860.84009020 1.70864244
335 12961651.74538124 4861860.84009020 134 12961653.10000000 4861859.37500000 1.99536494
110 12961664.61300000 4861860.55800000 109 12961672.72200000 4861859.19500000 8.22275197
109 12961672.72200000 4861859.19500000 320 12961677.80200000 4861854.43300000 6.96297666
320 12961677.80200000 4861854.43300000 314 12961686.74900000 4861849.28200000 10.32383698
326 12961681.46000000 4861846.59100000 336 12961680.23500185 4861843.76499698 3.08008338
336 12961680.23500185 4861843.76499698 337 12961682.00000000 4861843.00000000 1.92365247
338 12961686.00000000 4861859.00000000 339 12961685.89617890 4861861.66515610 2.66717751
339 12961685.89617890 4861861.66515610 321 12961676.62500000 4861865.33700000 9.97182008
321 12961676.62500000 4861865.33700000 109 12961672.72200000 4861859.19500000 7.27719541
314 12961686.74900000 4861849.28200000 313 12961688.11200000 4861845.91700000 3.63056387
313 12961688.11200000 4861845.91700000 325 12961691.30797510 4861847.49377917 3.56377460
325 12961691.30797510 4861847.49377917 340 12961692.00000000 4861848.00000000 0.85741355
341 12961692.00000000 4861846.50000000 325 12961691.30797510 4861847.49377917 1.21098947
316 12961688.17486990 4861856.05588963 342 12961692.00000000 4861860.50000000 5.86359423
343 12961687.00000000 4861852.00000000 344 12961688.18135002 4861851.03422482 1.52587993
344 12961688.18135002 4861851.03422482 314 12961686.74900000 4861849.28200000 2.26316557
313 12961688.11200000 4861845.91700000 291 12961692.45300000 4861835.20100000 11.56187429
291 12961692.45300000 4861835.20100000 290 12961690.76700000 4861830.22000000 5.25860790
290 12961690.76700000 4861830.22000000 289 12961689.08000000 4861825.23900000 5.25892860
269 12961671.71800000 4861819.08800000 345 12961670.00000000 4861819.08788135 1.71800000
345 12961670.00000000 4861819.08788135 346 12961670.00000000 4861821.00000000 1.91211865
347 12961669.00000000 4861821.00000000 348 12961669.00000000 4861819.08788135 1.91211865
348 12961669.00000000 4861819.08788135 16 12961667.62100000 4861819.08800000 1.37900001
274 12961657.76900000 4861834.02200000 328 12961674.26900000 4861830.00000000 16.98312351
328 12961674.26900000 4861830.00000000 349 12961675.86832559 4861833.69021815 4.02188418
349 12961675.86832559 4861833.69021815 350 12961674.00000000 4861834.50000000 2.03626794
351 12961575.00000000 4861853.50000000 352 12961564.90964650 4861853.50000000 10.09035350
352 12961564.90964650 4861853.50000000 34 12961564.91000000 4861875.40400000 21.90400000
35 12961564.91000000 4861882.64500000 353 12961564.91000000 4861893.82100000 11.17600000
353 12961564.91000000 4861893.82100000 48 12961606.69100000 4861893.82100000 41.78100000
235 12961624.25900000 4861830.41400000 354 12961611.51737040 4861822.02157201 15.25719412
354 12961611.51737040 4861822.02157201 355 12961605.00000000 4861820.50000000 6.69263015
356 12961586.00000000 4861859.00000000 357 12961594.86451140 4861844.85608229 16.69221287
357 12961594.86451140 4861844.85608229 67 12961609.52000000 4861844.85600000 14.65548860
240 12961624.25900000 4861810.34300000 358 12961613.00000000 4861810.34338470 11.25900001
358 12961613.00000000 4861810.34338470 359 12961613.00000000 4861815.50000000 5.15661530
360 12961614.00000000 4861819.50000000 361 12961612.09049006 4861822.39906530 3.47142734
361 12961612.09049006 4861822.39906530 235 12961624.25900000 4861830.41400000 14.57092353
87 12961624.25900000 4861842.43900000 86 12961613.80800000 4861842.43900000 10.45100000
86 12961613.80800000 4861842.43900000 66 12961613.80800000 4861844.85600000 2.41700000
66 12961613.80800000 4861844.85600000 362 12961613.80844570 4861857.50000000 12.64400001
362 12961613.80844570 4861857.50000000 363 12961620.00000000 4861857.50000000 6.19155430
364 12961617.00000000 4861884.50000000 57 12961613.00339990 4861882.76098442 4.35855338
64 12961613.80800000 4861868.71400000 365 12961613.80844570 4861868.00000000 0.71400014
365 12961613.80844570 4861868.00000000 366 12961604.00000000 4861868.00000000 9.80844570
367 12961622.00000000 4861886.50000000 368 12961627.58779960 4861886.50000000 5.58779960
368 12961627.58779960 4861886.50000000 60 12961627.58800000 4861881.73200000 4.76800000
65 12961613.80800000 4861863.31700000 369 12961613.80844570 4861863.00000000 0.31700031
369 12961613.80844570 4861863.00000000 370 12961618.00000000 4861863.00000000 4.19155430
371 12961621.00000000 4861882.50000000 113 12961621.20967190 4861879.59595970 2.91159962
113 12961621.20967190 4861879.59595970 63 12961621.21000000 4861869.62400000 9.97195970
65 12961613.80800000 4861863.31700000 372 12961613.80844570 4861859.00000000 4.31700002
372 12961613.80844570 4861859.00000000 373 12961616.00000000 4861859.00000000 2.19155430
374 12961636.00000000 4861876.00000000 123 12961637.12507630 4861873.96759947 2.32302574
134 12961653.10000000 4861859.37500000 375 12961643.00000000 4861859.37487687 10.10000000
375 12961643.00000000 4861859.37487687 376 12961643.00000000 4861861.50000000 2.12512313
377 12961633.00000000 4861864.00000000 378 12961627.58779960 4861864.00000000 5.41220040
378 12961627.58779960 4861864.00000000 62 12961627.58800000 4861870.40800000 6.40800000
62 12961627.58800000 4861870.40800000 99 12961637.12500000 4861869.57800000 9.57304910
99 12961637.12500000 4861869.57800000 123 12961637.12507630 4861873.96759947 4.38959947
123 12961637.12507630 4861873.96759947 379 12961638.00000000 4861875.00000000 1.35327098
380 12961634.00000000 4861861.50000000 381 12961639.21931460 4861863.49007852 5.58584438
381 12961639.21931460 4861863.49007852 98 12961639.21900000 4861869.39600000 5.90592149
7 12961651.69100000 4861848.93400000 382 12961645.12381583 4861845.40755207 7.45410914
382 12961645.12381583 4861845.40755207 383 12961644.00000000 4861847.50000000 2.37514219
384 12961645.00000000 4861850.50000000 385 12961645.00000001 4861853.68393913 3.18393913
385 12961645.00000001 4861853.68393913 93 12961640.99300000 4861853.68400000 4.00700001
90 12961632.08700000 4861850.28400000 386 12961632.08749210 4861846.00000000 4.28400003
386 12961632.08749210 4861846.00000000 387 12961634.00000000 4861846.00000000 1.91250790
135 12961651.69100000 4861853.68400000 388 12961647.00000000 4861853.68393913 4.69100000
388 12961647.00000000 4861853.68393913 389 12961647.00000000 4861855.50000000 1.81606088
390 12961646.00000000 4861849.50000000 391 12961647.50974248 4861846.68899000 3.19078355
391 12961647.50974248 4861846.68899000 7 12961651.69100000 4861848.93400000 4.74583864
135 12961651.69100000 4861853.68400000 392 12961643.00000000 4861853.68393914 8.69100000
392 12961643.00000000 4861853.68393914 393 12961643.00000000 4861854.00000000 0.31606087
394 12961640.00000000 4861855.00000000 395 12961639.21931460 4861855.00000000 0.78068540
395 12961639.21931460 4861855.00000000 92 12961639.21900000 4861853.68400000 1.31600004
93 12961640.99300000 4861853.68400000 135 12961651.69100000 4861853.68400000 10.69800000
186 12961643.07200000 4861844.30500000 185 12961641.26634730 4861846.98996741 3.23565012
185 12961641.26634730 4861846.98996741 396 12961639.00000000 4861845.50000000 2.71225607
397 12961641.00000000 4861847.00000000 185 12961641.26634730 4861846.98996741 0.26653618
89 12961632.08700000 4861842.43900000 398 12961632.08749210 4861846.50000000 4.06100003
398 12961632.08749210 4861846.50000000 399 12961632.00000000 4861846.50000000 0.08749210
400 12961638.00000000 4861847.00000000 185 12961641.26634730 4861846.98996741 3.26636271
186 12961643.07200000 4861844.30500000 401 12961646.31677916 4861846.04827103 3.68342037
401 12961646.31677916 4861846.04827103 402 12961645.00000000 4861848.50000000 2.78296286
403 12961647.00000000 4861851.00000000 404 12961647.00000001 4861853.68393913 2.68393912
404 12961647.00000001 4861853.68393913 135 12961651.69100000 4861853.68400000 4.69099999
89 12961632.08700000 4861842.43900000 405 12961632.08749210 4861845.50000000 3.06100004
405 12961632.08749210 4861845.50000000 406 12961634.00000000 4861845.50000000 1.91250790
407 12961637.00000000 4861845.50000000 408 12961637.00000000 4861842.43921521 3.06078479
408 12961637.00000000 4861842.43921521 89 12961632.08700000 4861842.43900000 4.91300000
93 12961640.99300000 4861853.68400000 409 12961642.00000000 4861853.68393914 1.00700000
409 12961642.00000000 4861853.68393914 410 12961642.00000000 4861855.50000000 1.81606087
411 12961636.00000000 4861863.50000000 412 12961639.21931460 4861863.50000000 3.21931460
412 12961639.21931460 4861863.50000000 98 12961639.21900000 4861869.39600000 5.89600001
134 12961653.10000000 4861859.37500000 413 12961658.06320954 4861859.88497354 4.98934084
413 12961658.06320954 4861859.88497354 414 12961658.00000000 4861860.50000000 0.61826612
415 12961635.00000000 4861861.00000000 381 12961639.21931460 4861863.49007852 4.89929655
134 12961653.10000000 4861859.37500000 416 12961657.96150846 4861859.87452118 4.88710405
416 12961657.96150846 4861859.87452118 417 12961658.00000000 4861859.50000000 0.37649397
418 12961642.00000000 4861862.00000000 419 12961642.00000000 4861859.37487687 2.62512313
419 12961642.00000000 4861859.37487687 134 12961653.10000000 4861859.37500000 11.10000000
134 12961653.10000000 4861859.37500000 420 12961652.13229471 4861855.46723834 4.02579865
420 12961652.13229471 4861855.46723834 421 12961652.00000000 4861855.50000000 0.13629092
422 12961635.00000000 4861861.50000000 381 12961639.21931460 4861863.49007852 4.66508609
92 12961639.21900000 4861853.68400000 423 12961639.21931460 4861852.50000000 1.18400004
423 12961639.21931460 4861852.50000000 424 12961639.00000000 4861852.50000000 0.21931460
425 12961634.00000000 4861859.00000000 426 12961639.21931460 4861858.49936542 5.24326996
426 12961639.21931460 4861858.49936542 92 12961639.21900000 4861853.68400000 4.81536543
92 12961639.21900000 4861853.68400000 427 12961639.21931460 4861852.00000000 1.68400003
427 12961639.21931460 4861852.00000000 428 12961640.00000000 4861852.00000000 0.78068540
429 12961662.00000000 4861879.00000000 116 12961656.92971190 4861876.34885424 5.72157280
110 12961664.61300000 4861860.55800000 413 12961658.06320954 4861859.88497354 6.58427822
430 12961666.00000000 4861883.00000000 116 12961656.92971190 4861876.34885424 11.24757157
125 12961644.24000000 4861880.08800000 53 12961644.24000000 4861888.45500000 8.36700000
130 12961638.29612050 4861888.45460777 431 12961638.00000000 4861886.00000000 2.47240503
432 12961658.00000000 4861890.50000000 433 12961654.66342280 4861880.08763490 10.93389658
433 12961654.66342280 4861880.08763490 125 12961644.24000000 4861880.08800000 10.42342281
53 12961644.24000000 4861888.45500000 434 12961639.00000000 4861888.45460777 5.24000001
434 12961639.00000000 4861888.45460777 435 12961639.00000000 4861887.00000000 1.45460777
436 12961685.00000000 4861857.50000000 316 12961688.17486990 4861856.05588963 3.48787237
316 12961688.17486990 4861856.05588963 315 12961690.34300000 4861853.67900000 3.21720258
315 12961690.34300000 4861853.67900000 314 12961686.74900000 4861849.28200000 5.67894753
314 12961686.74900000 4861849.28200000 437 12961682.33693310 4861851.82200585 5.09096887
437 12961682.33693310 4861851.82200585 438 12961681.00000000 4861849.50000000 2.67938450
439 12961685.00000000 4861863.50000000 440 12961684.49337828 4861862.22067505 1.37598615
440 12961684.49337828 4861862.22067505 321 12961676.62500000 4861865.33700000 8.46302889
110 12961664.61300000 4861860.55800000 441 12961654.78946339 4861859.54851323 9.87526886
441 12961654.78946339 4861859.54851323 442 12961655.00000000 4861857.50000000 2.05930378
443 12961670.00000000 4861860.00000000 444 12961669.94327613 4861859.66241037 0.34232202
444 12961669.94327613 4861859.66241037 110 12961664.61300000 4861860.55800000 5.40499070
134 12961653.10000000 4861859.37500000 445 12961652.18897680 4861855.69612602 3.78999697
445 12961652.18897680 4861855.69612602 446 12961655.00000000 4861855.00000000 2.89593558
447 12961653.00000000 4861852.00000000 448 12961651.69067580 4861852.00000000 1.30932420
448 12961651.69067580 4861852.00000000 135 12961651.69100000 4861853.68400000 1.68400003
110 12961664.61300000 4861860.55800000 449 12961667.76100514 4861860.02908885 3.19212835
449 12961667.76100514 4861860.02908885 450 12961667.00000000 4861855.50000000 4.59257821
451 12961665.00000000 4861859.00000000 452 12961665.24397648 4861860.45201537 1.47236990
452 12961665.24397648 4861860.45201537 110 12961664.61300000 4861860.55800000 0.63981565
112 12961644.24000000 4861868.95900000 453 12961644.23969370 4861874.50000000 5.54100001
453 12961644.23969370 4861874.50000000 454 12961644.00000000 4861874.50000000 0.23969370
455 12961645.00000000 4861879.50000000 456 12961645.00000000 4861880.08763490 0.58763490
456 12961645.00000000 4861880.08763490 125 12961644.24000000 4861880.08800000 0.76000009
125 12961644.24000000 4861880.08800000 124 12961644.24000000 4861875.52000000 4.56800000
124 12961644.24000000 4861875.52000000 112 12961644.24000000 4861868.95900000 6.56100000
7 12961651.69100000 4861848.93400000 457 12961649.57212835 4861847.79666003 2.40482001
457 12961649.57212835 4861847.79666003 458 12961650.00000000 4861847.00000000 0.90429052
459 12961701.00000000 4861843.50000000 325 12961691.30797510 4861847.49377917 10.48263415
290 12961690.76700000 4861830.22000000 312 12961697.48400000 4861828.13800000 7.03226940
312 12961697.48400000 4861828.13800000 460 12961700.76684820 4861827.12082175 3.43682177
460 12961700.76684820 4861827.12082175 461 12961706.00000000 4861828.00000000 5.30648963
462 12961685.00000000 4861811.00000000 463 12961685.00000000 4861808.17379703 2.82620297
463 12961685.00000000 4861808.17379703 257 12961677.68300000 4861808.17400000 7.31700000
291 12961692.45300000 4861835.20100000 464 12961689.91539049 4861841.46572098 6.75915608
464 12961689.91539049 4861841.46572098 465 12961690.00000000 4861841.50000000 0.09128977
466 12961685.00000000 4861813.50000000 264 12961685.27349200 4861815.29392310 1.81465092
264 12961685.27349200 4861815.29392310 263 12961685.27300000 4861819.08800000 3.79407693
259 12961673.01861560 4861814.24072570 467 12961670.00000000 4861812.50000000 3.48456111
468 12961684.00000000 4861813.00000000 302 12961683.17863590 4861814.24072570 1.48796480
302 12961683.17863590 4861814.24072570 258 12961677.68300000 4861814.24100000 5.49563591
257 12961677.68300000 4861808.17400000 256 12961671.71800000 4861808.17400000 5.96500000
256 12961671.71800000 4861808.17400000 469 12961671.00000000 4861808.17379703 0.71800003
469 12961671.00000000 4861808.17379703 470 12961671.00000000 4861811.00000000 2.82620297
471 12961659.00000000 4861807.50000000 252 12961659.65992680 4861809.35154749 1.96563768
252 12961659.65992680 4861809.35154749 26 12961657.23600000 4861812.96100000 4.34782343
26 12961657.23600000 4861812.96100000 21 12961648.84300000 4861808.01000000 9.74447792
22 12961648.84300000 4861801.22800000 251 12961660.45100000 4861801.22800000 11.60800000
251 12961660.45100000 4861801.22800000 250 12961666.24000000 4861801.22800000 5.78900000
250 12961666.24000000 4861801.22800000 472 12961666.23984180 4861802.50000000 1.27200001
472 12961666.23984180 4861802.50000000 473 12961668.00000000 4861802.50000000 1.76015820
474 12961663.00000000 4861812.50000000 475 12961661.30997826 4861815.36460098 3.32597538
475 12961661.30997826 4861815.36460098 26 12961657.23600000 4861812.96100000 4.73017932
251 12961660.45100000 4861801.22800000 476 12961666.23984180 4861801.22847064 5.78884182
476 12961666.23984180 4861801.22847064 477 12961667.00000000 4861801.00000000 0.79375016
478 12961657.00000000 4861804.00000000 479 12961657.00000000 4861801.22847064 2.77152936
479 12961657.00000000 4861801.22847064 251 12961660.45100000 4861801.22800000 3.45100003
250 12961666.24000000 4861801.22800000 249 12961666.24000000 4861808.17400000 6.94600000
256 12961671.71800000 4861808.17400000 480 12961673.00000000 4861808.17379703 1.28200002
480 12961673.00000000 4861808.17379703 481 12961673.00000000 4861807.00000000 1.17379703
482 12961661.00000000 4861806.50000000 483 12961661.62828030 4861808.17379703 1.78782903
483 12961661.62828030 4861808.17379703 249 12961666.24000000 4861808.17400000 4.61171970
480 12961673.00000000 4861808.17379703 484 12961673.00000000 4861807.50000000 0.67379703
485 12961641.00000000 4861817.50000000 18 12961644.72676220 4861816.99988147 3.76016955
17 12961648.60900000 4861814.52200000 486 12961646.77238669 4861812.84438860 2.48747432
486 12961646.77238669 4861812.84438860 487 12961648.00000000 4861811.50000000 1.82055353
488 12961649.00000000 4861825.00000000 225 12961646.74619170 4861825.27945722 2.27106763
225 12961646.74619170 4861825.27945722 164 12961642.18200000 4861825.27900000 4.56419172
177 12961647.58700000 4861835.82800000 489 12961649.00000000 4861835.82829452 1.41300003
489 12961649.00000000 4861835.82829452 490 12961649.00000000 4861833.00000000 2.82829452
491 12961648.00000000 4861831.50000000 181 12961646.68004570 4861831.34602741 1.32890440
225 12961646.74619170 4861825.27945722 492 12961648.00000000 4861824.00000000 1.79138104
493 12961687.00000000 4861811.50000000 494 12961687.00000000 4861808.17379703 3.32620297
494 12961687.00000000 4861808.17379703 306 12961685.27300000 4861808.17400000 1.72700001
306 12961685.27300000 4861808.17400000 257 12961677.68300000 4861808.17400000 7.59000000
289 12961689.08000000 4861825.23900000 495 12961690.51808506 4861829.48590746 4.48378317
495 12961690.51808506 4861829.48590746 496 12961689.00000000 4861830.00000000 1.60277054
497 12961684.00000000 4861813.50000000 302 12961683.17863590 4861814.24072570 1.10603506
291 12961692.45300000 4861835.20100000 498 12961690.71941544 4861839.48117905 4.61792681
498 12961690.71941544 4861839.48117905 499 12961692.00000000 4861840.00000000 1.38169172
500 12961688.00000000 4861815.50000000 267 12961685.27349200 4861815.50000000 2.72650800
290 12961690.76700000 4861830.22000000 501 12961691.93906872 4861833.68198869 3.65501172
501 12961691.93906872 4861833.68198869 502 12961691.00000000 4861834.00000000 0.99145411