1 12961630.64800000 4861845.98200000 2 12961626.84800000 4861845.98200000 3.80000000
2 12961626.84800000 4861845.98200000 3 12961626.84751360 4861829.99999998 15.98200003
3 12961626.84751360 4861829.99999998 4 12961630.00000000 4861830.00000000 3.15248640
5 12961633.00000000 4861831.50000000 6 12961626.84751359 4861831.49999996 6.15248641
6 12961626.84751359 4861831.49999996 2 12961626.84800000 4861845.98200000 14.48200005
2 12961626.84800000 4861845.98200000 1 12961630.64800000 4861845.98200000 3.80000000
1 12961630.64800000 4861845.98200000 7 12961635.77300000 4861845.98200000 5.12500000
7 12961635.77300000 4861845.98200000 8 12961648.40300000 4861845.98200000 12.63000000
8 12961648.40300000 4861845.98200000 9 12961658.17100000 4861845.98200000 9.76800000
9 12961658.17100000 4861845.98200000 10 12961658.17100000 4861838.10500000 7.87700000
10 12961658.17100000 4861838.10500000 11 12961658.17100000 4861831.74600000 6.35900000
11 12961658.17100000 4861831.74600000 12 12961653.87000000 4861831.74600000 4.30100000
12 12961653.87000000 4861831.74600000 13 12961649.96900000 4861831.74600000 3.90100000
13 12961649.96900000 4861831.74600000 14 12961649.96869950 4861826.50000000 5.24600001
14 12961649.96869950 4861826.50000000 15 12961653.00000000 4861826.50000000 3.03130050
15 12961653.00000000 4861826.50000000 14 12961649.96869950 4861826.50000000 3.03130050
14 12961649.96869950 4861826.50000000 13 12961649.96900000 4861831.74600000 5.24600001
13 12961649.96900000 4861831.74600000 16 12961648.40300000 4861831.74600000 1.56600000
16 12961648.40300000 4861831.74600000 17 12961643.44700000 4861831.74600000 4.95600000
17 12961643.44700000 4861831.74600000 18 12961643.44700000 4861825.27900000 6.46700000
18 12961643.44700000 4861825.27900000 19 12961640.70654730 4861825.27945722 2.74045274
19 12961640.70654730 4861825.27945722 20 12961639.00000000 4861827.00000000 2.42333884
21 12961634.00000000 4861826.50000000 19 12961640.70654730 4861825.27945722 6.81670752
19 12961640.70654730 4861825.27945722 18 12961643.44700000 4861825.27900000 2.74045274
18 12961643.44700000 4861825.27900000 22 12961643.44700000 4861817.19400000 8.08500000
22 12961643.44700000 4861817.19400000 23 12961643.44670720 4861807.82761216 9.36638785
23 12961643.44670720 4861807.82761216 24 12961651.00000000 4861798.00000000 12.39492609
25 12961662.00000000 4861807.00000000 26 12961662.63118760 4861811.02599456 4.07517239
26 12961662.63118760 4861811.02599456 27 12961662.63100000 4861817.19400000 6.16800544
27 12961662.63100000 4861817.19400000 28 12961674.36700000 4861815.32200000 11.88436284
28 12961674.36700000 4861815.32200000 29 12961678.31500000 4861819.86900000 6.02178653
29 12961678.31500000 4861819.86900000 30 12961683.92100000 4861824.26600000 7.12466455
30 12961683.92100000 4861824.26600000 31 12961683.92097420 4861820.00000000 4.26600000
31 12961683.92097420 4861820.00000000 32 12961689.00000000 4861820.00000000 5.07902580
33 12961690.00000000 4861818.00000000 34 12961694.39148875 4861817.55723058 4.41375330
34 12961694.39148875 4861817.55723058 35 12961694.13272380 4861814.99074042 2.57950209
35 12961694.13272380 4861814.99074042 36 12961699.00000000 4861814.50000000 4.89195296
37 12961700.00000000 4861814.50000000 38 12961694.14278707 4861815.09055024 5.88690860
38 12961694.14278707 4861815.09055024 39 12961695.35800000 4861827.14700000 12.11753784
39 12961695.35800000 4861827.14700000 40 12961688.67000000 4861827.99300000 6.74129513
40 12961688.67000000 4861827.99300000 30 12961683.92100000 4861824.26600000 6.03684769
30 12961683.92100000 4861824.26600000 29 12961678.31500000 4861819.86900000 7.12466455
29 12961678.31500000 4861819.86900000 28 12961674.36700000 4861815.32200000 6.02178653
28 12961674.36700000 4861815.32200000 41 12961680.00000000 4861815.32211603 5.63300000
41 12961680.00000000 4861815.32211603 42 12961680.00000000 4861813.00000000 2.32211603
43 12961675.00000000 4861816.50000000 44 12961675.22208960 4861816.30710121 0.29416617
44 12961675.22208960 4861816.30710121 28 12961674.36700000 4861815.32200000 1.30445491
28 12961674.36700000 4861815.32200000 45 12961679.68000000 4861808.32400000 8.78635152
45 12961679.68000000 4861808.32400000 46 12961683.92100000 4861808.32400000 4.24100000
46 12961683.92100000 4861808.32400000 47 12961693.78400000 4861808.32400000 9.86300000
47 12961693.78400000 4861808.32400000 48 12961701.73015940 4861808.32393188 7.94615940
48 12961701.73015940 4861808.32393188 49 12961707.00000000 4861806.50000000 5.57655337
50 12961577.00000000 4861881.00000000 51 12961571.31892560 4861875.40423415 7.97415837
51 12961571.31892560 4861875.40423415 52 12961571.31900000 4861845.98200000 29.42223415
52 12961571.31900000 4861845.98200000 53 12961571.31892560 4861826.80508456 19.17691544
53 12961571.31892560 4861826.80508456 54 12961579.00000000 4861814.50000000 14.50565441
55 12961577.00000000 4861887.00000000 51 12961571.31892560 4861875.40423415 12.91264465
52 12961571.31900000 4861845.98200000 56 12961590.95500000 4861845.98200000 19.63600000
56 12961590.95500000 4861845.98200000 57 12961614.38900000 4861845.98200000 23.43400000
57 12961614.38900000 4861845.98200000 2 12961626.84800000 4861845.98200000 12.45900000
1 12961630.64800000 4861845.98200000 58 12961630.64800000 4861854.05500000 8.07300000
58 12961630.64800000 4861854.05500000 59 12961630.64800000 4861861.19900000 7.14400000
59 12961630.64800000 4861861.19900000 60 12961630.64800000 4861868.81600000 7.61700000
60 12961630.64800000 4861868.81600000 61 12961635.77300000 4861868.81600000 5.12500000
61 12961635.77300000 4861868.81600000 62 12961638.29600000 4861868.81600000 2.52300000
62 12961638.29600000 4861868.81600000 63 12961638.29600000 4861880.08800000 11.27200000
63 12961638.29600000 4861880.08800000 64 12961638.29612050 4861881.00000000 0.91200001
64 12961638.29612050 4861881.00000000 65 12961628.00000000 4861881.00000000 10.29612050
66 12961621.00000000 4861886.00000000 67 12961614.38922550 4861886.00000000 6.61077450
67 12961614.38922550 4861886.00000000 68 12961614.38900000 4861881.56700000 4.43300001
68 12961614.38900000 4861881.56700000 69 12961614.38900000 4861879.44700000 2.12000000
69 12961614.38900000 4861879.44700000 70 12961614.38900000 4861877.73200000 1.71500000
70 12961614.38900000 4861877.73200000 71 12961604.42800000 4861877.73200000 9.96100000
71 12961604.42800000 4861877.73200000 72 12961604.42764310 4861882.50000000 4.76800001
72 12961604.42764310 4861882.50000000 73 12961595.00000000 4861882.50000000 9.42764310
74 12961593.00000000 4861887.50000000 75 12961604.42764310 4861887.50000000 11.42764310
75 12961604.42764310 4861887.50000000 76 12961604.42800000 4861893.44500000 5.94500001
76 12961604.42800000 4861893.44500000 77 12961614.38900000 4861893.44500000 9.96100000
77 12961614.38900000 4861893.44500000 78 12961614.38922550 4861892.00000000 1.44500002
78 12961614.38922550 4861892.00000000 79 12961617.00000000 4861892.00000000 2.61077450
79 12961617.00000000 4861892.00000000 78 12961614.38922550 4861892.00000000 2.61077450
78 12961614.38922550 4861892.00000000 80 12961614.38900000 4861888.24000000 3.76000001
80 12961614.38900000 4861888.24000000 68 12961614.38900000 4861881.56700000 6.67300000
70 12961614.38900000 4861877.73200000 81 12961614.38900000 4861868.81600000 8.91600000
81 12961614.38900000 4861868.81600000 82 12961614.38922550 4861868.50000000 0.31600008
82 12961614.38922550 4861868.50000000 83 12961606.00000000 4861868.50000000 8.38922550
84 12961607.00000000 4861872.50000000 85 12961607.00000000 4861877.73243252 5.23243252
85 12961607.00000000 4861877.73243252 70 12961614.38900000 4861877.73200000 7.38900001
70 12961614.38900000 4861877.73200000 69 12961614.38900000 4861879.44700000 1.71500000
69 12961614.38900000 4861879.44700000 68 12961614.38900000 4861881.56700000 2.12000000
68 12961614.38900000 4861881.56700000 80 12961614.38900000 4861888.24000000 6.67300000
80 12961614.38900000 4861888.24000000 77 12961614.38900000 4861893.44500000 5.20500000
77 12961614.38900000 4861893.44500000 86 12961611.00000000 4861893.44474519 3.38900001
86 12961611.00000000 4861893.44474519 87 12961611.00000000 4861895.00000000 1.55525481
88 12961597.00000000 4861882.50000000 72 12961604.42764310 4861882.50000000 7.42764310
72 12961604.42764310 4861882.50000000 71 12961604.42800000 4861877.73200000 4.76800001
71 12961604.42800000 4861877.73200000 70 12961614.38900000 4861877.73200000 9.96100000
77 12961614.38900000 4861893.44500000 89 12961613.00000000 4861893.44474519 1.38900002
89 12961613.00000000 4861893.44474519 90 12961613.00000000 4861893.50000000 0.05525481
91 12961605.00000000 4861883.00000000 92 12961604.42764310 4861883.00000000 0.57235690
92 12961604.42764310 4861883.00000000 71 12961604.42800000 4861877.73200000 5.26800001
80 12961614.38900000 4861888.24000000 93 12961614.38922550 4861889.00000000 0.76000003
93 12961614.38922550 4861889.00000000 94 12961618.00000000 4861889.00000000 3.61077450
95 12961610.00000000 4861892.50000000 96 12961610.00000000 4861893.44474519 0.94474519
96 12961610.00000000 4861893.44474519 76 12961604.42800000 4861893.44500000 5.57200001
76 12961604.42800000 4861893.44500000 97 12961604.42764310 4861886.50000000 6.94500001
97 12961604.42764310 4861886.50000000 98 12961597.00000000 4861886.50000000 7.42764310
99 12961623.00000000 4861889.00000000 93 12961614.38922550 4861889.00000000 8.61077450
93 12961614.38922550 4861889.00000000 80 12961614.38900000 4861888.24000000 0.76000003
81 12961614.38900000 4861868.81600000 57 12961614.38900000 4861845.98200000 22.83400000
2 12961626.84800000 4861845.98200000 100 12961626.84751355 4861837.50000004 8.48199997
100 12961626.84751355 4861837.50000004 101 12961620.00000000 4861837.50000000 6.84751355
102 12961620.00000000 4861836.00000000 103 12961620.00000000 4861829.48113541 6.51886459
103 12961620.00000000 4861829.48113541 104 12961626.84800000 4861829.48100000 6.84800000
104 12961626.84800000 4861829.48100000 2 12961626.84800000 4861845.98200000 16.50100000
9 12961658.17100000 4861845.98200000 105 12961663.19400000 4861849.87000000 6.35193459
105 12961663.19400000 4861849.87000000 106 12961663.19400000 4861861.66500000 11.79500000
106 12961663.19400000 4861861.66500000 107 12961663.19351080 4861867.93048684 6.26548686
107 12961663.19351080 4861867.93048684 108 12961660.00000000 4861875.00000000 7.75735313
109 12961641.00000000 4861892.50000000 110 12961638.29612050 4861888.45460777 4.86581572
110 12961638.29612050 4861888.45460777 63 12961638.29600000 4861880.08800000 8.36660777
63 12961638.29600000 4861880.08800000 62 12961638.29600000 4861868.81600000 11.27200000
62 12961638.29600000 4861868.81600000 61 12961635.77300000 4861868.81600000 2.52300000
61 12961635.77300000 4861868.81600000 60 12961630.64800000 4861868.81600000 5.12500000
60 12961630.64800000 4861868.81600000 59 12961630.64800000 4861861.19900000 7.61700000
59 12961630.64800000 4861861.19900000 58 12961630.64800000 4861854.05500000 7.14400000
58 12961630.64800000 4861854.05500000 1 12961630.64800000 4861845.98200000 8.07300000
1 12961630.64800000 4861845.98200000 111 12961627.00000000 4861845.98236903 3.64800002
111 12961627.00000000 4861845.98236903 112 12961627.00000000 4861848.50000000 2.51763097
113 12961637.00000000 4861861.00000000 114 12961635.77251970 4861862.67607183 2.07748036
114 12961635.77251970 4861862.67607183 61 12961635.77300000 4861868.81600000 6.13992819
62 12961638.29600000 4861868.81600000 115 12961638.29612050 4861870.50000000 1.68400000
115 12961638.29612050 4861870.50000000 116 12961645.00000000 4861870.50000000 6.70387950
117 12961635.00000000 4861863.00000000 118 12961635.77251970 4861863.00000000 0.77251970
118 12961635.77251970 4861863.00000000 61 12961635.77300000 4861868.81600000 5.81600002
7 12961635.77300000 4861845.98200000 119 12961635.77251970 4861852.00000000 6.01800002
119 12961635.77251970 4861852.00000000 120 12961636.00000000 4861852.00000000 0.22748030
121 12961636.00000000 4861853.50000000 122 12961635.77251970 4861852.92284920 0.62036307
122 12961635.77251970 4861852.92284920 7 12961635.77300000 4861845.98200000 6.94084922
7 12961635.77300000 4861845.98200000 1 12961630.64800000 4861845.98200000 5.12500000
60 12961630.64800000 4861868.81600000 123 12961625.24300000 4861868.81600000 5.40500000
123 12961625.24300000 4861868.81600000 81 12961614.38900000 4861868.81600000 10.85400000
81 12961614.38900000 4861868.81600000 124 12961614.38922550 4861862.50000000 6.31600000
124 12961614.38922550 4861862.50000000 125 12961603.00000000 4861862.50000000 11.38922550
125 12961603.00000000 4861862.50000000 124 12961614.38922550 4861862.50000000 11.38922550
124 12961614.38922550 4861862.50000000 57 12961614.38900000 4861845.98200000 16.51800000
2 12961626.84800000 4861845.98200000 126 12961626.84751356 4861836.00000000 9.98200001
126 12961626.84751356 4861836.00000000 127 12961626.00000000 4861836.00000000 0.84751356
128 12961623.00000000 4861836.50000000 129 12961626.84751356 4861836.50000002 3.84751356
129 12961626.84751356 4861836.50000002 2 12961626.84800000 4861845.98200000 9.48199999
8 12961648.40300000 4861845.98200000 130 12961648.40304670 4861856.55646757 10.57446757
130 12961648.40304670 4861856.55646757 131 12961652.00000000 4861863.00000000 7.37951104
132 12961642.00000000 4861855.00000000 133 12961648.40304670 4861855.00000000 6.40304670
133 12961648.40304670 4861855.00000000 8 12961648.40300000 4861845.98200000 9.01800000
16 12961648.40300000 4861831.74600000 134 12961647.00000000 4861831.74599333 1.40300000
134 12961647.00000000 4861831.74599333 135 12961647.00000000 4861835.00000000 3.25400667
136 12961649.00000000 4861838.00000000 137 12961648.40304670 4861840.07289294 2.15713662
137 12961648.40304670 4861840.07289294 8 12961648.40300000 4861845.98200000 5.90910706
11 12961658.17100000 4861831.74600000 138 12961658.17100000 4861823.75200000 7.99400000
138 12961658.17100000 4861823.75200000 139 12961658.17100000 4861817.19400000 6.55800000
139 12961658.17100000 4861817.19400000 140 12961657.00000000 4861817.19388089 1.17100001
140 12961657.00000000 4861817.19388089 141 12961657.00000000 4861812.50000000 4.69388089
142 12961654.00000000 4861812.00000000 143 12961654.00000000 4861817.19388089 5.19388089
143 12961654.00000000 4861817.19388089 139 12961658.17100000 4861817.19400000 4.17100000
139 12961658.17100000 4861817.19400000 138 12961658.17100000 4861823.75200000 6.55800000
138 12961658.17100000 4861823.75200000 144 12961658.17079920 4861826.50000000 2.74800001
144 12961658.17079920 4861826.50000000 145 12961655.00000000 4861826.50000000 3.17079920
146 12961654.00000000 4861826.00000000 147 12961649.96869950 4861826.00000000 4.03130050
147 12961649.96869950 4861826.00000000 13 12961649.96900000 4861831.74600000 5.74600001
13 12961649.96900000 4861831.74600000 12 12961653.87000000 4861831.74600000 3.90100000
12 12961653.87000000 4861831.74600000 11 12961658.17100000 4861831.74600000 4.30100000
11 12961658.17100000 4861831.74600000 10 12961658.17100000 4861838.10500000 6.35900000
10 12961658.17100000 4861838.10500000 9 12961658.17100000 4861845.98200000 7.87700000
9 12961658.17100000 4861845.98200000 8 12961648.40300000 4861845.98200000 9.76800000
8 12961648.40300000 4861845.98200000 7 12961635.77300000 4861845.98200000 12.63000000
2 12961626.84800000 4861845.98200000 148 12961626.84751360 4861829.48113541 16.50086460
148 12961626.84751360 4861829.48113541 149 12961631.00000000 4861824.50000000 6.48497134
150 12961637.00000000 4861832.00000000 151 12961640.69797300 4861831.74599333 3.70668635
151 12961640.69797300 4861831.74599333 17 12961643.44700000 4861831.74600000 2.74902700
22 12961643.44700000 4861817.19400000 152 12961649.96900000 4861817.19400000 6.52200000
152 12961649.96900000 4861817.19400000 153 12961653.00000000 4861817.19388089 3.03100000
153 12961653.00000000 4861817.19388089 154 12961653.00000000 4861809.00000000 8.19388089
155 12961654.00000000 4861826.50000000 14 12961649.96869950 4861826.50000000 4.03130050
156 12961693.00000000 4861816.00000000 157 12961694.22205891 4861815.87678659 1.22825467
157 12961694.22205891 4861815.87678659 39 12961695.35800000 4861827.14700000 11.32731533
47 12961693.78400000 4861808.32400000 158 12961694.00000000 4861808.32393188 0.21600001
158 12961694.00000000 4861808.32393188 159 12961694.00000000 4861804.50000000 3.82393188
160 12961676.00000000 4861804.50000000 161 12961679.67985290 4861808.32393188 5.30695510
161 12961679.67985290 4861808.32393188 28 12961674.36700000 4861815.32200000 8.78631682
28 12961674.36700000 4861815.32200000 27 12961662.63100000 4861817.19400000 11.88436284
27 12961662.63100000 4861817.19400000 139 12961658.17100000 4861817.19400000 4.46000000
138 12961658.17100000 4861823.75200000 11 12961658.17100000 4861831.74600000 7.99400000
106 12961663.19400000 4861861.66500000 162 12961678.00000000 4861861.66515610 14.80600000
162 12961678.00000000 4861861.66515610 163 12961678.00000000 4861860.50000000 1.16515610
164 12961680.00000000 4861864.50000000 165 12961680.00000000 4861861.66515610 2.83484390
165 12961680.00000000 4861861.66515610 106 12961663.19400000 4861861.66500000 16.80600000
106 12961663.19400000 4861861.66500000 105 12961663.19400000 4861849.87000000 11.79500000
105 12961663.19400000 4861849.87000000 9 12961658.17100000 4861845.98200000 6.35193459
139 12961658.17100000 4861817.19400000 27 12961662.63100000 4861817.19400000 4.46000000
28 12961674.36700000 4861815.32200000 166 12961677.05434172 4861811.78202063 4.44446392
166 12961677.05434172 4861811.78202063 167 12961678.00000000 4861812.50000000 1.18733482
168 12961685.00000000 4861859.00000000 169 12961686.11111570 4861857.08776669 2.21160899
169 12961686.11111570 4861857.08776669 170 12961688.53000000 4861854.74800000 3.36533942
170 12961688.53000000 4861854.74800000 171 12961683.54900000 4861849.87000000 6.97174619
171 12961683.54900000 4861849.87000000 172 12961686.44200000 4861844.15300000 6.40730349
172 12961686.44200000 4861844.15300000 173 12961688.66900000 4861839.75300000 4.93148345
173 12961688.66900000 4861839.75300000 40 12961688.67000000 4861827.99300000 11.76000004
28 12961674.36700000 4861815.32200000 174 12961677.89271857 4861810.67778555 5.83090211
174 12961677.89271857 4861810.67778555 175 12961677.00000000 4861810.00000000 1.12086559
176 12961656.00000000 4861887.00000000 177 12961640.39323620 4861880.08763490 17.06903242
177 12961640.39323620 4861880.08763490 63 12961638.29600000 4861880.08800000 2.09723623
106 12961663.19400000 4861861.66500000 178 12961680.00000000 4861861.66515610 16.80600000
178 12961680.00000000 4861861.66515610 179 12961680.00000000 4861861.50000000 0.16515610
179 12961680.00000000 4861861.50000000 178 12961680.00000000 4861861.66515610 0.16515610
178 12961680.00000000 4861861.66515610 106 12961663.19400000 4861861.66500000 16.80600000
107 12961663.19351080 4861867.93048684 180 12961657.00000000 4861878.00000000 11.82178799
181 12961688.00000000 4861863.50000000 182 12961685.89617890 4861861.66515610 2.79154355
182 12961685.89617890 4861861.66515610 106 12961663.19400000 4861861.66500000 22.70217890
63 12961638.29600000 4861880.08800000 110 12961638.29612050 4861888.45460777 8.36660777
110 12961638.29612050 4861888.45460777 183 12961654.00000000 4861889.00000000 15.71334732
184 12961658.00000000 4861883.00000000 107 12961663.19351080 4861867.93048684 15.93934695
107 12961663.19351080 4861867.93048684 106 12961663.19400000 4861861.66500000 6.26548686
106 12961663.19400000 4861861.66500000 185 12961681.00000000 4861861.66515610 17.80600000
185 12961681.00000000 4861861.66515610 186 12961681.00000000 4861867.50000000 5.83484390
187 12961687.00000000 4861839.00000000 188 12961687.00000000 4861839.75261654 0.75261654
188 12961687.00000000 4861839.75261654 173 12961688.66900000 4861839.75300000 1.66900004
173 12961688.66900000 4861839.75300000 172 12961686.44200000 4861844.15300000 4.93148345
172 12961686.44200000 4861844.15300000 171 12961683.54900000 4861849.87000000 6.40730349
171 12961683.54900000 4861849.87000000 105 12961663.19400000 4861849.87000000 20.35500000
10 12961658.17100000 4861838.10500000 189 12961658.17079920 4861836.00000000 2.10500001
189 12961658.17079920 4861836.00000000 190 12961658.00000000 4861836.00000000 0.17079920
191 12961657.00000000 4861841.00000000 192 12961658.17079920 4861841.00000000 1.17079920
192 12961658.17079920 4861841.00000000 10 12961658.17100000 4861838.10500000 2.89500001
27 12961662.63100000 4861817.19400000 193 12961664.81584929 4861816.84543262 2.21247952
193 12961664.81584929 4861816.84543262 194 12961665.00000000 4861818.00000000 1.16916095
195 12961665.00000000 4861820.50000000 196 12961664.42699751 4861816.90745354 3.63795573
196 12961664.42699751 4861816.90745354 28 12961674.36700000 4861815.32200000 10.06565013
30 12961683.92100000 4861824.26600000 40 12961688.67000000 4861827.99300000 6.03684769
40 12961688.67000000 4861827.99300000 197 12961688.66965728 4861832.49994911 4.50694911
197 12961688.66965728 4861832.49994911 198 12961689.00000000 4861832.50000000 0.33034272
199 12961669.00000000 4861815.50000000 200 12961669.10546760 4861816.16124885 0.66960694
200 12961669.10546760 4861816.16124885 27 12961662.63100000 4861817.19400000 6.55631799
139 12961658.17100000 4861817.19400000 201 12961653.87000000 4861817.19400000 4.30100000
201 12961653.87000000 4861817.19400000 152 12961649.96900000 4861817.19400000 3.90100000
152 12961649.96900000 4861817.19400000 202 12961645.00000000 4861817.19388089 4.96900000
202 12961645.00000000 4861817.19388089 203 12961645.00000000 4861816.50000000 0.69388089
204 12961644.00000000 4861817.50000000 205 12961644.00000000 4861817.19388089 0.30611911
205 12961644.00000000 4861817.19388089 22 12961643.44700000 4861817.19400000 0.55300001
23 12961643.44670720 4861807.82761216 206 12961653.00000000 4861804.00000000 10.29155081
207 12961661.00000000 4861808.50000000 26 12961662.63118760 4861811.02599456 3.00689566
139 12961658.17100000 4861817.19400000 208 12961658.17079920 4861820.50000000 3.30600001
208 12961658.17079920 4861820.50000000 209 12961659.00000000 4861820.50000000 0.82920080
210 12961655.00000000 4861886.00000000 177 12961640.39323620 4861880.08763490 15.75796972
9 12961658.17100000 4861845.98200000 211 12961658.17079920 4861843.00000000 2.98200001
211 12961658.17079920 4861843.00000000 212 12961662.00000000 4861843.00000000 3.82920080
213 12961661.00000000 4861843.00000000 211 12961658.17079920 4861843.00000000 2.82920080
211 12961658.17079920 4861843.00000000 9 12961658.17100000 4861845.98200000 2.98200001
107 12961663.19351080 4861867.93048684 214 12961666.00000000 4861868.50000000 2.86369113
215 12961667.00000000 4861874.00000000 107 12961663.19351080 4861867.93048684 7.16438064
105 12961663.19400000 4861849.87000000 171 12961683.54900000 4861849.87000000 20.35500000
171 12961683.54900000 4861849.87000000 216 12961683.98884738 4861849.00039085 0.97451823
216 12961683.98884738 4861849.00039085 217 12961683.00000000 4861848.50000000 1.10824643
218 12961664.00000000 4861869.00000000 107 12961663.19351080 4861867.93048684 1.33950858
173 12961688.66900000 4861839.75300000 219 12961688.66880988 4861838.00025711 1.75274291
219 12961688.66880988 4861838.00025711 220 12961687.00000000 4861838.00000000 1.66880990
221 12961635.00000000 4861838.00000000 222 12961635.00000000 4861845.98236903 7.98236903
222 12961635.00000000 4861845.98236903 1 12961630.64800000 4861845.98200000 4.35200002
63 12961638.29600000 4861880.08800000 223 12961638.29612050 4861884.00000000 3.91200000
223 12961638.29612050 4861884.00000000 224 12961627.00000000 4861884.00000000 11.29612050
225 12961625.00000000 4861885.50000000 226 12961614.38922550 4861885.50000000 10.61077450
226 12961614.38922550 4861885.50000000 68 12961614.38900000 4861881.56700000 3.93300001
2 12961626.84800000 4861845.98200000 104 12961626.84800000 4861829.48100000 16.50100000
104 12961626.84800000 4861829.48100000 227 12961615.00000000 4861829.48113541 11.84800000
227 12961615.00000000 4861829.48113541 228 12961615.00000000 4861836.00000000 6.51886459
229 12961608.00000000 4861874.00000000 230 12961608.00000000 4861877.73243252 3.73243252
230 12961608.00000000 4861877.73243252 70 12961614.38900000 4861877.73200000 6.38900001
81 12961614.38900000 4861868.81600000 123 12961625.24300000 4861868.81600000 10.85400000
123 12961625.24300000 4861868.81600000 60 12961630.64800000 4861868.81600000 5.40500000
62 12961638.29600000 4861868.81600000 231 12961638.29612050 4861869.00000000 0.18400004
231 12961638.29612050 4861869.00000000 232 12961645.00000000 4861869.00000000 6.70387950
233 12961663.00000000 4861848.50000000 234 12961662.40938128 4861849.26306541 0.96493486
234 12961662.40938128 4861849.26306541 9 12961658.17100000 4861845.98200000 5.35996885
2 12961626.84800000 4861845.98200000 57 12961614.38900000 4861845.98200000 12.45900000
57 12961614.38900000 4861845.98200000 235 12961607.00000000 4861845.98236903 7.38900001
235 12961607.00000000 4861845.98236903 236 12961607.00000000 4861848.00000000 2.01763097
237 12961604.00000000 4861815.00000000 238 12961611.51737040 4861822.02157201 10.28656071
238 12961611.51737040 4861822.02157201 239 12961611.51700000 4861829.48100000 7.45942800
239 12961611.51700000 4861829.48100000 104 12961626.84800000 4861829.48100000 15.33100000
2 12961626.84800000 4861845.98200000 240 12961621.00000000 4861845.98236903 5.84800001
240 12961621.00000000 4861845.98236903 241 12961621.00000000 4861847.00000000 1.01763097
242 12961583.00000000 4861879.50000000 51 12961571.31892560 4861875.40423415 12.37831964
53 12961571.31892560 4861826.80508456 243 12961576.00000000 4861810.00000000 17.44486528
244 12961572.00000000 4861876.00000000 51 12961571.31892560 4861875.40423415 0.90487529
2 12961626.84800000 4861845.98200000 111 12961627.00000000 4861845.98236903 0.15200045
111 12961627.00000000 4861845.98236903 245 12961627.00000000 4861849.50000000 3.51763097
246 12961637.00000000 4861859.50000000 114 12961635.77251970 4861862.67607183 3.40501691
63 12961638.29600000 4861880.08800000 247 12961638.29612050 4861887.50000000 7.41200000
247 12961638.29612050 4861887.50000000 248 12961641.00000000 4861887.50000000 2.70387950
249 12961637.00000000 4861855.00000000 122 12961635.77251970 4861852.92284920 2.41272944
61 12961635.77300000 4861868.81600000 114 12961635.77251970 4861862.67607183 6.13992819
114 12961635.77251970 4861862.67607183 250 12961638.00000000 4861861.50000000 2.51889131
251 12961647.00000000 4861861.00000000 130 12961648.40304670 4861856.55646757 4.65977687
130 12961648.40304670 4861856.55646757 8 12961648.40300000 4861845.98200000 10.57446757
107 12961663.19351080 4861867.93048684 252 12961659.00000000 4861880.50000000 13.25059221
253 12961683.00000000 4861856.50000000 169 12961686.11111570 4861857.08776669 3.16615075
63 12961638.29600000 4861880.08800000 177 12961640.39323620 4861880.08763490 2.09723623
177 12961640.39323620 4861880.08763490 254 12961654.00000000 4861883.50000000 14.02812378
255 12961683.00000000 4861866.50000000 256 12961683.00000000 4861861.66515610 4.83484390
256 12961683.00000000 4861861.66515610 106 12961663.19400000 4861861.66500000 19.80600000
107 12961663.19351080 4861867.93048684 257 12961658.00000000 4861881.00000000 14.06359587
258 12961644.00000000 4861836.00000000 259 12961644.00000000 4861831.74599333 4.25400667
259 12961644.00000000 4861831.74599333 16 12961648.40300000 4861831.74600000 4.40300000
16 12961648.40300000 4861831.74600000 13 12961649.96900000 4861831.74600000 1.56600000
11 12961658.17100000 4861831.74600000 260 12961658.17079920 4861830.00000000 1.74600001
260 12961658.17079920 4861830.00000000 261 12961660.00000000 4861830.00000000 1.82920080
262 12961641.00000000 4861840.00000000 263 12961641.00000000 4861845.98236903 5.98236903
263 12961641.00000000 4861845.98236903 8 12961648.40300000 4861845.98200000 7.40300001
10 12961658.17100000 4861838.10500000 264 12961658.17079920 4861833.50000000 4.60500000
264 12961658.17079920 4861833.50000000 265 12961657.00000000 4861833.50000000 1.17079920
266 12961645.00000000 4861837.50000000 137 12961648.40304670 4861840.07289294 4.26620498
10 12961658.17100000 4861838.10500000 267 12961658.17079920 4861838.00000000 0.10500019
267 12961658.17079920 4861838.00000000 268 12961657.00000000 4861838.00000000 1.17079920
269 12961660.00000000 4861807.50000000 26 12961662.63118760 4861811.02599456 4.39952109
144 12961658.17079920 4861826.50000000 270 12961661.00000000 4861826.50000000 2.82920080
271 12961684.00000000 4861812.50000000 272 12961682.10564600 4861815.32211603 3.39895807
272 12961682.10564600 4861815.32211603 28 12961674.36700000 4861815.32200000 7.73864600
45 12961679.68000000 4861808.32400000 273 12961682.00000000 4861808.32393188 2.32000000
273 12961682.00000000 4861808.32393188 274 12961682.00000000 4861807.00000000 1.32393188
275 12961684.00000000 4861812.00000000 276 12961684.00000000 4861808.32393188 3.67606812
276 12961684.00000000 4861808.32393188 46 12961683.92100000 4861808.32400000 0.07900003
46 12961683.92100000 4861808.32400000 45 12961679.68000000 4861808.32400000 4.24100000
45 12961679.68000000 4861808.32400000 28 12961674.36700000 4861815.32200000 8.78635152
40 12961688.67000000 4861827.99300000 277 12961688.66888698 4861837.49979492 9.50679498
277 12961688.66888698 4861837.49979492 278 12961690.00000000 4861837.50000000 1.33111303
279 12961663.00000000 4861807.00000000 26 12961662.63118760 4861811.02599456 4.04285231
27 12961662.63100000 4861817.19400000 280 12961672.92846377 4861815.55149019 10.42763629
280 12961672.92846377 4861815.55149019 281 12961673.00000000 4861816.00000000 0.45417892
282 12961688.00000000 4861816.50000000 283 12961683.92097420 4861817.91178959 4.31643387
283 12961683.92097420 4861817.91178959 30 12961683.92100000 4861824.26600000 6.35421041
40 12961688.67000000 4861827.99300000 39 12961695.35800000 4861827.14700000 6.74129513
39 12961695.35800000 4861827.14700000 284 12961696.43271631 4861827.01158273 1.08321420
284 12961696.43271631 4861827.01158273 285 12961697.00000000 4861831.50000000 4.52412428
286 12961702.00000000 4861836.50000000 287 12961699.37470390 4861826.63974975 10.20375983
287 12961699.37470390 4861826.63974975 39 12961695.35800000 4861827.14700000 4.04860631
47 12961693.78400000 4861808.32400000 288 12961696.00000000 4861808.32393188 2.21600000
288 12961696.00000000 4861808.32393188 289 12961696.00000000 4861804.00000000 4.32393188
290 12961697.00000000 4861812.50000000 291 12961693.91297762 4861812.81124732 3.10267338
291 12961693.91297762 4861812.81124732 39 12961695.35800000 4861827.14700000 14.40839668
40 12961688.67000000 4861827.99300000 292 12961688.66888720 4861837.49840834 9.50540840
292 12961688.66888720 4861837.49840834 293 12961699.00000000 4861837.50000000 10.33111293
294 12961692.00000000 4861846.00000000 295 12961689.64793970 4861846.44407234 2.39361398
295 12961689.64793970 4861846.44407234 172 12961686.44200000 4861844.15300000 3.94043929
106 12961663.19400000 4861861.66500000 165 12961680.00000000 4861861.66515610 16.80600000
165 12961680.00000000 4861861.66515610 296 12961680.00000000 4861865.50000000 3.83484390