1010 1.1 6.2
1010 6.8 6.2
1011 9 6.2
1011 15.2 6.2
1012 16.8 6.2
1012 23.6 6.2
1013 25.7 10.9
1013 32.7 10.9
1014 35.8 10.9
1014 41.4 10.9
1015 43.4 10.9
1015 50.2 10.9
1016 52.3 6.2
1016 57.9 6.2
1017 60.7 6.2
1017 66.9 6.2
1018 69.1 6.2
1018 75 6.2
1019 69.1 12.9
1009 6.8 25.9
1008 15.2 25.9
1007 16.8 25.9
1006 25.7 20.5
1005 35.8 20.5
1004 43.4 20.5
1003 52.3 25.9
1002 60.7 25.9
1001 69.1 25.9
1007 23.6 25.9
1006 32.7 20.5
1005 41.4 20.5
1004 50.2 20.5
1003 57.9 25.9
1002 66.9 25.9
1001 75 25.9
卫生间1 6.8 9.5
卫生间2 6.8 20.2
电梯1 12.4 15.9
电梯2 62.5 15.9
楼梯1 15.6 19
楼梯2 61 19
