1110 1.1 6.2
1110 6.8 6.2
1111 9 6.2
1111 15.2 6.2
1112 16.8 6.2
1112 23.6 6.2
1113 25.7 10.9
1113 32.7 10.9
1114 35.8 10.9
1114 41.4 10.9
1115 43.4 10.9
1115 50.2 10.9
1116 52.3 6.2
1116 57.9 6.2
1117 60.7 6.2
1117 66.9 6.2
1118 69.1 6.2
1118 75 6.2
1119 69.1 12.9
1109 6.8 25.9
1108 15.2 25.9
1107 16.8 25.9
1106 25.7 20.5
1105 35.8 20.5
1104 43.4 20.5
1103 52.3 25.9
1102 60.7 25.9
1101 69.1 25.9
1107 23.6 25.9
1106 32.7 20.5
1105 41.4 20.5
1104 50.2 20.5
1103 57.9 25.9
1102 66.9 25.9
1101 75 25.9
电梯1 12.4 15.9
电梯2 62.5 15.9
楼梯1 15.6 19
楼梯2 61 19
卫生间1 6.8 9.5
卫生间2 6.8 20.2
