1 1.10000000 6.20000000 2 1.10000000 10.10000000 3.90000000
2 1.10000000 10.10000000 3 6.80000000 10.10000000 5.70000000
3 6.80000000 10.10000000 4 6.80000000 6.20000000 3.90000000
3 6.80000000 10.10000000 5 9.00000000 10.10000000 2.20000000
5 9.00000000 10.10000000 6 9.00000000 6.20000000 3.90000000
5 9.00000000 10.10000000 7 15.20000000 10.10000000 6.20000000
7 15.20000000 10.10000000 8 15.20000000 6.20000000 3.90000000
7 15.20000000 10.10000000 9 16.80000000 10.10000000 1.60000000
9 16.80000000 10.10000000 10 16.80000000 6.20000000 3.90000000
9 16.80000000 10.10000000 11 21.50000000 10.10000000 4.70000000
11 21.50000000 10.10000000 12 23.60000000 10.10000000 2.10000000
12 23.60000000 10.10000000 13 23.60000000 6.20000000 3.90000000
11 21.50000000 10.10000000 14 21.50000000 15.90000000 5.80000000
14 21.50000000 15.90000000 15 15.60000000 15.90000000 5.90000000
15 15.60000000 15.90000000 16 12.40000000 15.90000000 3.20000000
15 15.60000000 15.90000000 17 15.60000000 19.00000000 3.10000000
14 21.50000000 15.90000000 18 21.50000000 21.50000000 5.60000000
18 21.50000000 21.50000000 19 23.60000000 21.50000000 2.10000000
19 23.60000000 21.50000000 20 23.60000000 25.80000000 4.30000000
18 21.50000000 21.50000000 21 16.80000000 21.50000000 4.70000000
21 16.80000000 21.50000000 22 16.80000000 25.80000000 4.30000000
21 16.80000000 21.50000000 23 15.20000000 21.50000000 1.60000000
23 15.20000000 21.50000000 24 15.20000000 25.80000000 4.30000000
23 15.20000000 21.50000000 25 6.80000000 21.50000000 8.40000000
25 6.80000000 21.50000000 26 6.80000000 25.80000000 4.30000000
25 6.80000000 21.50000000 27 6.80000000 20.20000000 1.30000000
27 6.80000000 20.20000000 28 6.80000000 9.50000000 10.70000000
28 6.80000000 9.50000000 3 6.80000000 10.10000000 0.60000000
25 6.80000000 21.50000000 29 1.10000000 21.50000000 5.70000000
14 21.50000000 15.90000000 30 25.70000000 15.90000000 4.20000000
30 25.70000000 15.90000000 31 32.70000000 15.90000000 7.00000000
31 32.70000000 15.90000000 32 35.80000000 15.90000000 3.10000000
32 35.80000000 15.90000000 33 41.40000000 15.90000000 5.60000000
33 41.40000000 15.90000000 34 43.40000000 15.90000000 2.00000000
34 43.40000000 15.90000000 35 50.20000000 15.90000000 6.80000000
35 50.20000000 15.90000000 36 54.60000000 15.90000000 4.40000000
30 25.70000000 15.90000000 37 25.70000000 10.80000000 5.10000000
30 25.70000000 15.90000000 38 25.70000000 20.50000000 4.60000000
31 32.70000000 15.90000000 39 32.70000000 10.80000000 5.10000000
31 32.70000000 15.90000000 40 32.70000000 20.50000000 4.60000000
32 35.80000000 15.90000000 41 35.80000000 10.80000000 5.10000000
32 35.80000000 15.90000000 42 35.80000000 20.50000000 4.60000000
33 41.40000000 15.90000000 43 41.40000000 10.80000000 5.10000000
33 41.40000000 15.90000000 44 41.40000000 20.50000000 4.60000000
34 43.40000000 15.90000000 45 43.40000000 10.80000000 5.10000000
34 43.40000000 15.90000000 46 43.40000000 20.50000000 4.60000000
35 50.20000000 15.90000000 47 50.20000000 10.80000000 5.10000000
35 50.20000000 15.90000000 48 50.20000000 20.50000000 4.60000000
36 54.60000000 15.90000000 49 54.60000000 10.10000000 5.80000000
36 54.60000000 15.90000000 50 54.60000000 21.50000000 5.60000000
51 52.30000000 10.10000000 49 54.60000000 10.10000000 2.30000000
49 54.60000000 10.10000000 52 57.90000000 10.10000000 3.30000000
52 57.90000000 10.10000000 53 60.70000000 10.10000000 2.80000000
53 60.70000000 10.10000000 54 66.90000000 10.10000000 6.20000000
54 66.90000000 10.10000000 55 69.10000000 10.10000000 2.20000000
55 69.10000000 10.10000000 56 75.00000000 10.10000000 5.90000000
51 52.30000000 10.10000000 57 52.30000000 6.20000000 3.90000000
52 57.90000000 10.10000000 58 57.90000000 6.20000000 3.90000000
53 60.70000000 10.10000000 59 60.70000000 6.20000000 3.90000000
54 66.90000000 10.10000000 60 66.90000000 6.20000000 3.90000000
55 69.10000000 10.10000000 61 69.10000000 6.20000000 3.90000000
56 75.00000000 10.10000000 62 75.00000000 6.20000000 3.90000000
63 52.30000000 21.50000000 50 54.60000000 21.50000000 2.30000000
50 54.60000000 21.50000000 64 57.90000000 21.50000000 3.30000000
64 57.90000000 21.50000000 65 60.70000000 21.50000000 2.80000000
65 60.70000000 21.50000000 66 66.90000000 21.50000000 6.20000000
66 66.90000000 21.50000000 67 69.10000000 21.50000000 2.20000000
67 69.10000000 21.50000000 68 75.00000000 21.50000000 5.90000000
63 52.30000000 21.50000000 69 52.30000000 25.80000000 4.30000000
64 57.90000000 21.50000000 70 57.90000000 25.80000000 4.30000000
65 60.70000000 21.50000000 71 60.70000000 25.80000000 4.30000000
66 66.90000000 21.50000000 72 66.90000000 25.80000000 4.30000000
67 69.10000000 21.50000000 73 69.10000000 25.80000000 4.30000000
68 75.00000000 21.50000000 74 75.00000000 25.80000000 4.30000000
55 69.10000000 10.10000000 75 69.10000000 12.90000000 2.80000000
36 54.60000000 15.90000000 76 61.00000000 15.90000000 6.40000000
76 61.00000000 15.90000000 77 62.50000000 15.90000000 1.50000000
76 61.00000000 15.90000000 78 61.00000000 18.90000000 3.00000000